dayofweek,day,year,month,date,temp,dewp,slp,visib,wdsp,mxpsd,gust,max,min,prcp,sndp,fog,num_accidents
2,1,2013,1,2013-01-01,38.0,25.6,1008.8,10.0,15.0,21.0,28.0,41.0,33.1,0.0,999.9,0,381
3,2,2013,1,2013-01-02,27.5,12.1,1013.4,10.0,12.4,15.9,25.1,33.1,21.9,0.0,999.9,0,480
4,3,2013,1,2013-01-03,21.8,7.8,1018.1,10.0,9.8,18.1,24.1,28.9,16.0,0.0,999.9,0,549
5,4,2013,1,2013-01-04,32.2,21.1,1015.2,10.0,11.3,22.0,29.9,41.0,24.1,0.0,999.9,0,505
6,5,2013,1,2013-01-05,37.3,24.5,1017.3,10.0,13.2,20.0,28.0,42.1,30.9,0.0,999.9,0,389
7,6,2013,1,2013-01-06,35.7,31.3,1019.7,9.8,5.9,15.0,20.0,44.1,23.0,0.01,999.9,0,393
1,7,2013,1,2013-01-07,35.9,31.0,1020.5,8.8,8.5,17.1,22.0,42.1,28.0,0.01,999.9,0,521
2,8,2013,1,2013-01-08,39.8,34.1,1028.8,9.8,10.4,17.1,25.1,48.0,25.0,0.0,999.9,0,513
3,9,2013,1,2013-01-09,39.9,37.6,1026.2,6.8,5.3,11.1,999.9,46.0,28.0,0.0,999.9,1,487
4,10,2013,1,2013-01-10,43.5,30.4,1024.0,9.9,14.7,21.0,32.1,48.0,36.0,0.0,999.9,0,555
5,11,2013,1,2013-01-11,38.0,31.4,1030.6,10.0,5.4,11.1,999.9,44.1,32.0,0.0,999.9,0,660
6,12,2013,1,2013-01-12,42.7,41.5,1022.6,7.1,7.9,13.0,20.0,46.4,39.2,0.17,999.9,0,475
7,13,2013,1,2013-01-13,45.4,44.9,1020.7,4.3,5.8,9.9,999.9,46.9,44.1,0.01,999.9,1,373
1,14,2013,1,2013-01-14,47.2,47.1,1017.5,1.3,8.2,15.9,21.0,51.8,44.6,0.0,999.9,1,542
2,15,2013,1,2013-01-15,42.3,38.3,1023.1,9.5,8.0,15.0,999.9,48.9,39.0,0.24,999.9,0,516
3,16,2013,1,2013-01-16,41.6,40.0,1018.3,7.0,8.8,21.0,27.0,45.0,39.2,0.35,999.9,0,578
4,17,2013,1,2013-01-17,39.4,34.6,1014.2,8.6,8.6,14.0,20.0,41.0,37.0,0.47,999.9,1,491
5,18,2013,1,2013-01-18,28.1,16.6,1023.2,7.5,15.0,24.1,32.1,39.9,15.1,0.01,999.9,1,561
6,19,2013,1,2013-01-19,35.9,26.6,1026.4,9.2,15.3,24.1,32.1,46.9,16.0,0.0,999.9,0,484
7,20,2013,1,2013-01-20,46.3,41.2,1010.0,7.0,14.9,20.0,26.0,50.0,43.0,0.0,999.9,0,393
1,21,2013,1,2013-01-21,31.2,16.0,1015.5,9.2,10.1,20.0,26.0,45.0,27.0,0.0,999.9,0,355
2,22,2013,1,2013-01-22,26.3,18.1,1011.1,6.5,10.8,20.0,26.0,32.0,19.9,0.14,999.9,1,544
3,23,2013,1,2013-01-23,16.2,-1.1,1018.6,10.0,15.6,21.0,28.9,21.9,12.9,0.01,999.9,0,545
4,24,2013,1,2013-01-24,14.3,-1.9,1018.7,10.0,15.5,22.9,29.9,19.9,10.0,0.0,999.9,0,554
5,25,2013,1,2013-01-25,19.0,3.3,1023.1,10.0,13.6,21.0,32.1,26.1,14.0,0.0,999.9,0,674
6,26,2013,1,2013-01-26,24.4,16.6,1016.4,8.6,10.5,15.9,19.0,28.0,21.9,0.0,999.9,0,558
7,27,2013,1,2013-01-27,21.7,4.7,1025.6,10.0,16.3,22.9,35.0,28.9,17.1,0.0,999.9,0,429
1,28,2013,1,2013-01-28,27.3,10.8,1028.9,8.8,7.4,14.0,20.0,32.0,21.9,0.0,999.9,0,507
2,29,2013,1,2013-01-29,35.4,34.9,1019.0,2.6,4.9,9.9,999.9,37.4,33.1,0.08,999.9,1,542
3,30,2013,1,2013-01-30,45.1,44.0,1013.9,4.4,12.4,19.0,25.1,48.2,37.0,0.03,999.9,1,497
4,31,2013,1,2013-01-31,46.5,40.3,995.5,5.9,23.1,28.0,39.0,54.0,39.0,0.02,999.9,1,592
5,1,2013,2,2013-02-01,33.1,15.5,1007.0,10.0,18.2,27.0,38.1,39.9,30.0,0.23,999.9,0,574
6,2,2013,2,2013-02-02,27.6,10.4,1020.9,10.0,12.5,19.0,26.0,35.1,21.9,0.0,999.9,0,534
7,3,2013,2,2013-02-03,30.7,24.5,1012.0,8.2,9.8,17.1,22.9,36.0,25.0,0.01,999.9,0,445
1,4,2013,2,2013-02-04,29.0,16.9,1008.3,8.8,15.5,20.0,28.0,30.9,26.6,0.0,999.9,0,553
2,5,2013,2,2013-02-05,28.7,16.6,1014.6,7.8,8.2,14.0,18.1,32.0,27.0,0.0,999.9,0,566
3,6,2013,2,2013-02-06,34.8,30.4,1014.9,9.0,6.1,13.0,17.1,39.2,32.0,0.02,999.9,0,566
4,7,2013,2,2013-02-07,29.4,13.4,1028.7,10.0,10.2,14.0,19.0,35.1,25.0,0.0,999.9,0,526
5,8,2013,2,2013-02-08,34.3,28.5,1026.0,7.3,16.3,36.9,51.1,37.9,26.1,0.0,999.9,0,703
6,9,2013,2,2013-02-09,29.2,25.8,997.4,1.2,35.3,49.0,63.9,37.4,23.0,1.64,999.9,1,403
7,10,2013,2,2013-02-10,24.7,14.7,1024.4,8.9,16.4,25.1,36.9,34.0,21.0,0.06,999.9,0,400
1,11,2013,2,2013-02-11,36.4,32.0,1022.1,7.6,9.8,21.0,28.9,48.0,24.1,0.0,999.9,0,475
2,12,2013,2,2013-02-12,41.4,36.6,1006.1,6.5,11.9,18.1,27.0,45.0,36.0,0.36,999.9,1,498
3,13,2013,2,2013-02-13,36.1,25.2,1010.6,10.0,7.7,15.0,999.9,41.0,26.1,0.0,999.9,0,570
4,14,2013,2,2013-02-14,36.6,29.3,1010.5,8.4,8.9,15.9,21.0,43.0,28.0,0.11,999.9,0,631
5,15,2013,2,2013-02-15,38.6,33.2,1017.0,9.8,6.0,11.1,999.9,46.9,28.0,0.0,999.9,0,604
6,16,2013,2,2013-02-16,39.2,35.8,1012.3,9.2,8.6,17.1,21.0,44.1,34.0,0.0,999.9,1,449
7,17,2013,2,2013-02-17,30.9,25.6,998.1,4.2,23.6,34.0,49.9,39.0,23.0,0.01,999.9,1,447
1,18,2013,2,2013-02-18,24.6,7.6,1010.5,9.3,22.0,28.0,36.9,32.0,19.0,0.0,999.9,0,398
2,19,2013,2,2013-02-19,36.7,25.4,1019.0,10.0,10.6,15.9,26.0,46.0,30.0,99.99,999.9,0,477
3,20,2013,2,2013-02-20,38.7,28.9,1004.5,8.5,16.9,27.0,35.9,46.9,30.9,0.65,999.9,0,510
4,21,2013,2,2013-02-21,30.6,14.1,1009.7,10.0,17.3,21.0,29.9,36.0,28.0,0.03,999.9,0,498
5,22,2013,2,2013-02-22,35.4,25.4,1022.3,9.8,14.2,21.0,28.9,39.9,30.9,0.0,999.9,1,531
6,23,2013,2,2013-02-23,36.3,29.8,1022.9,9.7,7.0,15.0,999.9,41.0,30.9,0.0,999.9,0,521
7,24,2013,2,2013-02-24,42.6,40.7,1004.7,4.3,17.1,24.1,38.1,46.9,37.9,1.07,999.9,0,426
1,25,2013,2,2013-02-25,37.5,30.4,1015.7,8.3,13.4,17.1,24.1,43.0,33.8,0.75,999.9,0,490
2,26,2013,2,2013-02-26,35.0,26.7,1025.2,10.0,5.0,11.1,15.9,45.0,27.0,0.02,999.9,0,537
3,27,2013,2,2013-02-27,44.1,41.0,1014.7,5.9,18.0,29.9,40.0,46.9,39.0,0.24,999.9,1,550
4,28,2013,2,2013-02-28,41.4,38.9,1002.1,7.2,7.8,14.0,999.9,46.9,39.0,0.32,999.9,1,517
5,1,2013,3,2013-03-01,39.3,34.2,1000.8,9.4,10.6,20.0,24.1,43.0,37.0,0.08,999.9,0,603
6,2,2013,3,2013-03-02,38.2,29.1,1004.0,10.0,9.4,14.0,15.0,42.1,36.0,0.0,999.9,0,474
7,3,2013,3,2013-03-03,37.4,29.3,1002.6,10.0,7.1,11.1,999.9,39.9,36.0,0.0,999.9,0,502
1,4,2013,3,2013-03-04,37.0,26.4,1002.1,10.0,11.5,17.1,25.1,43.0,32.0,0.0,999.9,0,597
2,5,2013,3,2013-03-05,38.5,29.8,1009.5,9.9,14.9,21.0,27.0,43.0,35.1,0.0,999.9,0,527
3,6,2013,3,2013-03-06,39.1,34.2,1014.7,9.4,13.5,26.0,39.0,43.0,32.0,0.02,999.9,0,475
4,7,2013,3,2013-03-07,38.3,35.2,1008.2,4.1,31.6,39.0,55.0,41.0,33.8,0.8,999.9,0,535
5,8,2013,3,2013-03-08,37.4,35.2,1008.1,3.3,28.4,35.0,45.1,41.0,36.0,1.58,999.9,0,851
6,9,2013,3,2013-03-09,39.2,31.7,1018.9,9.9,24.9,28.9,42.9,42.1,37.4,0.4,999.9,0,569
7,10,2013,3,2013-03-10,39.0,31.7,1026.9,10.0,11.9,19.0,25.1,43.0,36.0,0.0,999.9,0,415
1,11,2013,3,2013-03-11,39.9,34.7,1026.1,10.0,6.5,11.1,999.9,45.0,36.0,0.0,999.9,0,522
2,12,2013,3,2013-03-12,46.0,43.9,1018.9,7.5,13.1,17.1,26.0,50.0,41.0,0.0,999.9,0,547
3,13,2013,3,2013-03-13,46.3,41.1,1007.6,7.1,13.1,19.0,26.0,50.0,41.0,0.54,999.9,0,636
4,14,2013,3,2013-03-14,37.0,25.3,1007.7,9.7,10.4,18.1,26.0,44.1,30.0,0.49,999.9,0,557
5,15,2013,3,2013-03-15,31.2,13.7,1009.1,10.0,18.5,24.1,36.9,39.0,25.0,0.0,999.9,0,607
6,16,2013,3,2013-03-16,37.1,22.0,1008.1,10.0,10.2,19.0,25.1,41.0,34.0,0.0,999.9,0,521
7,17,2013,3,2013-03-17,34.8,21.5,1014.7,9.9,7.5,14.0,20.0,39.9,28.0,0.0,999.9,0,426
1,18,2013,3,2013-03-18,32.1,15.5,1027.6,10.0,9.0,15.9,20.0,37.0,26.1,0.0,999.9,0,623
2,19,2013,3,2013-03-19,39.6,35.5,1012.4,4.6,16.5,22.9,33.0,46.9,33.1,0.41,999.9,1,559
3,20,2013,3,2013-03-20,36.5,25.7,1007.3,10.0,17.9,25.1,32.1,42.1,32.0,0.35,999.9,0,540
4,21,2013,3,2013-03-21,38.3,29.9,1006.7,9.8,10.9,21.0,27.0,45.0,28.0,0.0,999.9,0,508
5,22,2013,3,2013-03-22,34.3,27.6,1003.8,6.8,13.6,19.0,26.0,39.0,30.0,0.23,999.9,0,604
6,23,2013,3,2013-03-23,38.5,21.7,1006.3,10.0,15.9,22.9,39.0,45.0,32.0,0.02,999.9,0,488
7,24,2013,3,2013-03-24,39.1,23.3,1008.5,10.0,10.4,15.0,22.0,45.0,34.0,0.0,999.9,0,451
1,25,2013,3,2013-03-25,38.1,29.8,1003.3,10.0,9.7,20.0,28.0,46.9,32.0,0.0,999.9,0,498
2,26,2013,3,2013-03-26,39.8,28.7,1002.7,9.7,15.5,24.1,34.0,46.9,35.1,0.05,999.9,0,425
3,27,2013,3,2013-03-27,41.7,30.3,1008.3,10.0,9.4,15.9,22.9,50.0,34.0,0.01,999.9,0,441
4,28,2013,3,2013-03-28,42.5,34.5,1011.7,9.9,12.5,21.0,25.1,50.0,37.9,0.02,999.9,0,549
5,29,2013,3,2013-03-29,45.2,34.3,1016.4,10.0,8.9,14.0,20.0,54.0,39.0,0.02,999.9,0,520
6,30,2013,3,2013-03-30,44.5,35.1,1017.4,10.0,7.0,13.0,17.1,52.0,37.9,0.02,999.9,0,513
7,31,2013,3,2013-03-31,43.0,38.1,1019.2,10.0,7.1,13.0,999.9,48.9,33.1,0.0,999.9,0,426
1,1,2013,4,2013-04-01,47.0,42.9,1005.8,6.8,16.3,26.0,34.0,51.1,44.1,0.18,999.9,0,479
2,2,2013,4,2013-04-02,39.6,18.8,1011.4,9.9,17.2,22.9,33.0,51.1,32.0,0.02,999.9,0,437
3,3,2013,4,2013-04-03,42.6,15.7,1015.8,10.0,17.0,25.1,34.0,51.1,33.8,0.0,999.9,0,532
4,4,2013,4,2013-04-04,39.0,18.8,1023.2,10.0,14.0,19.0,28.0,45.0,34.0,0.0,999.9,0,566
5,5,2013,4,2013-04-05,42.9,38.5,1014.7,8.7,8.0,17.1,22.0,48.0,39.0,0.01,999.9,0,582
6,6,2013,4,2013-04-06,40.2,22.0,1018.3,10.0,12.5,20.0,28.9,45.0,35.1,0.33,999.9,0,531
7,7,2013,4,2013-04-07,39.7,28.6,1025.8,10.0,9.2,17.1,999.9,48.0,26.1,0.0,999.9,0,451
1,8,2013,4,2013-04-08,50.0,41.6,1018.1,9.1,9.4,13.0,999.9,62.1,42.1,0.0,999.9,0,582
2,9,2013,4,2013-04-09,49.4,43.4,1015.9,6.7,10.7,20.0,28.0,63.0,39.9,0.0,999.9,1,613
3,10,2013,4,2013-04-10,46.5,42.0,1014.1,7.6,8.8,15.9,17.1,54.0,41.0,0.12,999.9,1,580
4,11,2013,4,2013-04-11,46.2,41.0,1013.7,6.6,10.0,19.0,26.0,52.0,42.8,0.06,999.9,1,517
5,12,2013,4,2013-04-12,43.6,35.7,1018.6,7.7,13.8,26.0,35.9,51.8,39.2,0.01,999.9,0,649
6,13,2013,4,2013-04-13,44.4,39.7,1008.2,8.2,12.9,22.9,33.0,53.6,39.0,1.44,999.9,1,555
7,14,2013,4,2013-04-14,46.1,38.4,1015.5,9.6,7.7,13.0,999.9,55.9,39.0,0.09,999.9,0,472
1,15,2013,4,2013-04-15,46.1,34.2,1026.0,10.0,8.1,11.1,999.9,53.1,39.0,0.0,999.9,0,603
2,16,2013,4,2013-04-16,46.0,40.5,1028.7,10.0,9.3,15.9,999.9,53.1,37.9,0.0,999.9,0,564
3,17,2013,4,2013-04-17,52.1,42.7,1021.9,8.3,11.0,17.1,22.9,60.1,44.1,0.03,999.9,0,535
4,18,2013,4,2013-04-18,46.5,37.3,1028.1,10.0,8.8,17.1,24.1,54.0,35.1,0.0,999.9,0,553
5,19,2013,4,2013-04-19,52.6,49.4,1018.1,4.6,12.5,19.0,29.9,59.0,46.0,0.0,999.9,1,570
6,20,2013,4,2013-04-20,52.7,49.6,1012.4,3.6,15.2,25.1,39.0,57.2,46.9,0.62,999.9,1,532
7,21,2013,4,2013-04-21,45.1,28.5,1029.4,10.0,11.7,15.9,22.0,48.9,39.0,0.24,999.9,0,471
1,22,2013,4,2013-04-22,43.0,29.8,1037.8,10.0,11.3,20.0,25.1,50.0,34.0,0.0,999.9,0,565
2,23,2013,4,2013-04-23,44.6,40.0,1026.9,5.1,15.0,22.0,28.9,46.4,42.1,0.11,999.9,0,513
3,24,2013,4,2013-04-24,47.5,43.6,1012.9,7.0,19.2,28.0,36.9,52.0,44.6,1.77,999.9,0,598
4,25,2013,4,2013-04-25,50.8,45.1,1017.9,7.2,10.4,15.0,20.0,55.9,45.0,0.01,999.9,0,583
5,26,2013,4,2013-04-26,49.5,37.8,1026.9,9.5,6.5,12.0,999.9,61.0,37.9,0.06,999.9,0,675
6,27,2013,4,2013-04-27,46.6,34.7,1029.1,8.6,3.9,8.0,999.9,55.9,35.1,0.0,999.9,1,517
7,28,2013,4,2013-04-28,48.0,38.5,1027.1,9.8,3.9,8.0,999.9,57.0,37.0,0.0,999.9,0,440
1,29,2013,4,2013-04-29,49.7,37.9,1025.5,9.9,4.3,8.9,999.9,59.0,39.9,0.0,999.9,0,598
2,30,2013,4,2013-04-30,51.0,30.2,1026.2,10.0,5.2,11.1,999.9,63.0,39.9,0.0,999.9,0,576
3,1,2013,5,2013-05-01,49.9,41.4,1030.2,7.4,7.0,9.9,999.9,60.8,39.9,0.0,999.9,1,576
4,2,2013,5,2013-05-02,49.9,42.0,1030.3,9.5,5.0,14.0,20.0,62.1,37.9,0.0,999.9,0,585
5,3,2013,5,2013-05-03,46.9,39.7,1030.0,9.9,13.7,22.9,29.9,53.1,37.9,0.0,999.9,0,686
6,4,2013,5,2013-05-04,47.8,38.7,1026.5,10.0,13.7,22.0,31.1,54.0,43.0,0.0,999.9,0,580
7,5,2013,5,2013-05-05,47.8,39.9,1025.3,9.7,10.1,15.0,20.0,55.9,42.1,0.0,999.9,0,515
1,6,2013,5,2013-05-06,49.2,43.4,1024.3,5.1,5.5,8.9,999.9,61.0,44.1,0.0,999.9,1,561
2,7,2013,5,2013-05-07,54.4,49.9,1021.9,4.4,4.5,8.0,999.9,66.9,46.0,0.0,999.9,1,592
3,8,2013,5,2013-05-08,59.4,54.7,1021.5,7.5,10.5,15.9,22.0,72.0,53.1,0.01,999.9,1,620
4,9,2013,5,2013-05-09,57.2,53.6,1015.2,5.0,6.2,14.0,999.9,62.6,53.6,0.01,999.9,1,602
5,10,2013,5,2013-05-10,56.1,51.0,1014.8,5.7,8.3,13.0,999.9,66.0,51.1,0.0,999.9,1,698
6,11,2013,5,2013-05-11,56.2,53.1,1013.1,3.7,9.4,15.9,22.9,62.1,52.0,0.0,999.9,1,523
7,12,2013,5,2013-05-12,56.2,53.1,1005.6,3.3,11.0,17.1,22.9,59.0,54.0,1.62,999.9,1,527
1,13,2013,5,2013-05-13,53.1,37.1,1013.5,9.9,11.9,18.1,22.0,57.0,46.0,0.07,999.9,0,577
2,14,2013,5,2013-05-14,51.0,35.3,1015.8,9.8,11.8,18.1,29.9,55.9,42.8,0.0,999.9,0,565
3,15,2013,5,2013-05-15,53.1,44.5,1016.5,10.0,12.1,21.0,28.0,59.0,48.0,0.16,999.9,0,532
4,16,2013,5,2013-05-16,57.7,50.1,1006.9,7.1,12.5,20.0,28.0,64.9,53.1,0.02,999.9,0,559
5,17,2013,5,2013-05-17,58.2,43.9,1013.8,9.9,10.7,20.0,22.9,64.0,51.1,0.0,999.9,0,741
6,18,2013,5,2013-05-18,54.6,45.2,1025.3,10.0,5.1,12.0,999.9,64.0,44.1,0.0,999.9,0,506
7,19,2013,5,2013-05-19,56.3,49.4,1027.4,9.3,6.6,12.0,999.9,63.0,46.9,0.0,999.9,0,544
1,20,2013,5,2013-05-20,57.5,54.5,1020.4,2.9,10.3,17.1,22.0,62.1,55.0,0.33,999.9,1,657
2,21,2013,5,2013-05-21,58.0,55.5,1014.3,0.3,7.8,14.0,999.9,61.0,55.4,0.24,999.9,1,697
3,22,2013,5,2013-05-22,57.8,55.1,1013.8,2.5,7.1,13.0,17.1,64.0,53.1,0.0,999.9,1,570
4,23,2013,5,2013-05-23,61.5,57.6,1015.1,3.0,13.3,18.1,24.1,66.9,57.0,0.0,999.9,1,735
5,24,2013,5,2013-05-24,61.0,58.7,1009.8,2.1,14.0,27.0,39.0,64.0,57.2,1.24,999.9,1,668
6,25,2013,5,2013-05-25,55.6,52.3,1005.9,4.6,7.6,15.0,18.1,61.0,51.8,1.03,999.9,1,514
7,26,2013,5,2013-05-26,50.2,41.8,1010.9,9.3,13.9,19.0,28.0,57.0,44.6,0.54,999.9,0,455
1,27,2013,5,2013-05-27,56.9,42.8,1020.0,10.0,14.1,20.0,26.0,64.0,51.1,0.01,999.9,0,420
2,28,2013,5,2013-05-28,56.6,49.6,1023.2,9.9,6.4,11.1,999.9,63.0,46.9,0.0,999.9,0,686
3,29,2013,5,2013-05-29,57.9,54.7,1021.0,4.9,10.9,19.0,26.0,61.0,55.4,0.51,999.9,0,574
4,30,2013,5,2013-05-30,60.9,56.2,1018.8,6.1,11.6,15.0,20.0,66.9,57.2,0.26,999.9,0,685
5,31,2013,5,2013-05-31,62.0,56.8,1018.5,6.7,9.0,13.0,999.9,69.1,57.0,0.02,999.9,0,736
6,1,2013,6,2013-06-01,60.9,57.0,1016.7,7.0,10.9,15.0,999.9,66.0,57.0,0.0,999.9,0,631
7,2,2013,6,2013-06-02,61.8,58.6,1013.6,4.6,12.6,18.1,26.0,66.0,57.9,0.0,999.9,1,487
1,3,2013,6,2013-06-03,60.8,59.8,1012.0,2.0,12.7,19.0,27.0,63.0,59.0,0.21,999.9,1,707
2,4,2013,6,2013-06-04,61.8,51.0,1012.5,7.5,8.7,15.0,999.9,66.0,57.2,0.34,999.9,1,613
3,5,2013,6,2013-06-05,58.6,45.6,1020.5,9.8,5.7,8.9,999.9,68.0,48.9,0.0,999.9,0,599
4,6,2013,6,2013-06-06,58.6,51.0,1022.0,10.0,7.5,14.0,999.9,66.0,51.1,0.0,999.9,0,605
5,7,2013,6,2013-06-07,56.1,53.2,1016.3,7.7,11.8,18.1,26.0,59.0,54.0,0.0,999.9,0,791
6,8,2013,6,2013-06-08,62.3,59.6,1009.3,4.8,19.1,25.1,35.0,64.9,57.0,0.94,999.9,1,571
7,9,2013,6,2013-06-09,63.6,57.2,1019.3,6.9,8.1,13.0,999.9,72.0,53.1,0.01,999.9,1,533
1,10,2013,6,2013-06-10,62.2,56.1,1021.3,9.3,6.0,8.9,999.9,72.0,53.1,0.0,999.9,0,624
2,11,2013,6,2013-06-11,60.8,59.5,1008.7,1.8,13.2,17.1,24.1,64.4,55.9,1.36,999.9,1,635
3,12,2013,6,2013-06-12,64.0,55.9,1003.4,8.1,14.0,19.0,27.0,71.1,59.0,0.03,999.9,0,615
4,13,2013,6,2013-06-13,60.8,52.4,1008.2,10.0,8.7,15.0,21.0,66.0,55.0,0.0,999.9,0,534
5,14,2013,6,2013-06-14,55.0,50.7,1003.0,7.0,18.3,28.0,36.9,60.1,52.0,0.12,999.9,0,693
6,15,2013,6,2013-06-15,62.4,52.3,1011.0,10.0,7.4,13.0,999.9,72.0,52.0,0.14,999.9,0,596
7,16,2013,6,2013-06-16,61.3,57.0,1013.5,8.9,9.2,15.0,22.0,66.0,57.0,0.01,999.9,0,477
1,17,2013,6,2013-06-17,63.2,59.2,1011.3,7.0,9.1,14.0,21.0,68.0,57.0,0.03,999.9,0,614
2,18,2013,6,2013-06-18,60.9,58.6,1012.9,3.1,4.9,12.0,22.9,66.0,57.2,0.07,999.9,1,613
3,19,2013,6,2013-06-19,62.6,54.4,1014.3,8.4,12.2,21.0,28.0,69.1,57.9,0.06,999.9,0,622
4,20,2013,6,2013-06-20,60.6,53.1,1023.9,9.6,5.6,12.0,999.9,69.1,52.0,0.1,999.9,0,681
5,21,2013,6,2013-06-21,62.0,56.1,1025.9,10.0,8.3,11.1,999.9,68.0,57.0,0.05,999.9,0,690
6,22,2013,6,2013-06-22,63.4,58.5,1024.6,10.0,8.2,12.0,999.9,71.1,59.0,0.0,999.9,0,599
7,23,2013,6,2013-06-23,64.9,60.9,1021.8,9.8,9.0,14.0,999.9,70.0,61.0,0.01,999.9,0,505
1,24,2013,6,2013-06-24,66.8,64.5,1016.0,2.8,12.1,15.9,22.0,73.9,64.0,0.0,999.9,1,680
2,25,2013,6,2013-06-25,69.7,63.8,1012.8,8.4,10.2,14.0,999.9,78.1,64.0,0.0,999.9,0,648
3,26,2013,6,2013-06-26,69.5,64.6,1008.6,6.1,9.9,15.9,26.0,81.0,64.0,0.0,999.9,1,621
4,27,2013,6,2013-06-27,65.5,64.0,1010.0,3.1,5.4,13.0,999.9,69.1,62.1,0.0,999.9,1,598
5,28,2013,6,2013-06-28,66.1,64.8,1004.7,2.1,12.9,26.0,33.0,69.8,64.0,0.85,999.9,1,608
6,29,2013,6,2013-06-29,66.2,64.9,1004.0,1.4,13.7,19.0,24.1,69.1,64.4,0.26,999.9,1,591
7,30,2013,6,2013-06-30,65.4,64.2,1012.1,1.9,8.8,14.0,999.9,69.1,64.0,0.05,999.9,1,423
1,1,2013,7,2013-07-01,66.7,65.3,1017.0,4.1,10.4,14.0,20.0,72.0,64.0,0.04,999.9,0,633
2,2,2013,7,2013-07-02,67.7,65.5,1022.2,4.0,9.5,13.0,18.1,73.0,64.9,0.04,999.9,1,601
3,3,2013,7,2013-07-03,68.7,67.2,1024.1,2.5,9.5,15.0,999.9,72.0,64.4,0.03,999.9,1,635
4,4,2013,7,2013-07-04,69.8,68.0,1023.5,1.8,11.9,15.0,21.0,75.0,68.0,0.02,999.9,1,438
5,5,2013,7,2013-07-05,71.6,68.2,1021.6,6.8,12.4,17.1,22.0,77.0,68.0,0.03,999.9,1,576
6,6,2013,7,2013-07-06,73.0,69.2,1018.5,8.1,13.1,15.9,22.9,79.0,68.0,0.01,999.9,0,516
7,7,2013,7,2013-07-07,74.4,69.8,1016.3,9.0,9.1,14.0,19.0,82.0,69.1,0.01,999.9,0,475
1,8,2013,7,2013-07-08,72.6,68.9,1015.5,6.7,10.7,17.1,24.1,78.1,68.0,0.0,999.9,1,617
2,9,2013,7,2013-07-09,72.7,69.3,1018.0,5.7,7.0,13.0,999.9,80.1,69.1,0.0,999.9,1,583
3,10,2013,7,2013-07-10,71.1,69.7,1015.5,1.9,7.1,12.0,999.9,77.0,69.1,0.0,999.9,1,614
4,11,2013,7,2013-07-11,71.8,69.7,1011.6,4.9,9.5,13.0,19.0,75.9,69.1,0.01,999.9,0,550
5,12,2013,7,2013-07-12,69.4,67.8,1015.9,3.1,6.7,15.0,49.9,72.0,66.0,0.06,999.9,1,599
6,13,2013,7,2013-07-13,67.9,66.3,1024.4,3.3,6.2,9.9,999.9,75.9,63.0,0.01,999.9,1,575
7,14,2013,7,2013-07-14,72.9,70.5,1025.1,4.5,5.3,14.0,999.9,79.0,66.0,0.01,999.9,1,471
1,15,2013,7,2013-07-15,76.3,71.2,1021.6,9.3,5.7,9.9,999.9,82.9,69.1,0.0,999.9,0,581
2,16,2013,7,2013-07-16,77.4,68.4,1019.6,8.3,7.3,14.0,999.9,87.1,69.1,0.0,999.9,0,582
3,17,2013,7,2013-07-17,72.9,65.8,1020.8,9.9,5.6,8.9,999.9,84.0,66.9,0.0,999.9,0,609
4,18,2013,7,2013-07-18,75.6,69.6,1016.6,8.1,6.8,14.0,999.9,88.0,68.0,0.0,999.9,0,636
5,19,2013,7,2013-07-19,73.9,71.4,1013.4,2.8,9.6,15.9,22.0,80.1,69.1,0.0,999.9,1,697
6,20,2013,7,2013-07-20,74.5,71.7,1008.8,3.3,11.8,15.9,20.0,80.1,71.1,0.0,999.9,0,551
7,21,2013,7,2013-07-21,72.8,69.1,1012.6,6.6,5.3,12.0,999.9,77.0,66.9,0.04,999.9,0,447
1,22,2013,7,2013-07-22,68.3,65.9,1015.1,5.6,5.1,8.0,999.9,78.1,64.0,0.17,999.9,1,591
2,23,2013,7,2013-07-23,72.1,70.0,1007.1,3.7,8.1,14.0,19.0,78.8,66.2,0.0,999.9,1,571
3,24,2013,7,2013-07-24,74.9,71.6,1006.7,5.7,8.4,13.0,20.0,82.0,70.0,0.6,999.9,1,571
4,25,2013,7,2013-07-25,67.7,62.8,1014.3,9.7,13.8,19.0,27.0,75.0,64.0,0.4,999.9,0,507
5,26,2013,7,2013-07-26,66.1,64.4,1012.2,6.0,15.0,22.0,28.9,69.8,64.0,2.43,999.9,0,617
6,27,2013,7,2013-07-27,69.1,66.1,1018.0,9.6,8.8,15.0,18.1,73.9,64.9,0.26,999.9,0,516
7,28,2013,7,2013-07-28,69.8,68.0,1015.8,5.7,6.5,12.0,22.9,75.2,66.2,0.12,999.9,1,485
1,29,2013,7,2013-07-29,69.2,67.1,1017.1,6.5,5.3,9.9,999.9,73.9,64.0,0.02,999.9,0,597
2,30,2013,7,2013-07-30,71.2,64.3,1018.0,7.8,7.8,11.1,999.9,77.0,66.2,0.01,999.9,1,584
3,31,2013,7,2013-07-31,70.6,62.6,1019.3,10.0,6.7,8.9,999.9,78.1,64.9,0.0,999.9,0,553
4,1,2013,8,2013-08-01,68.9,64.7,1016.5,9.8,5.3,9.9,999.9,78.1,63.0,0.01,999.9,0,643
5,2,2013,8,2013-08-02,69.7,66.0,1011.1,9.5,8.3,15.0,20.0,75.9,63.0,0.03,999.9,0,626
6,3,2013,8,2013-08-03,69.3,66.1,1011.8,7.2,10.9,15.9,22.9,75.9,66.0,0.0,999.9,0,492
7,4,2013,8,2013-08-04,69.4,61.9,1009.8,9.0,8.3,12.0,19.0,75.9,60.1,0.25,999.9,0,454
1,5,2013,8,2013-08-05,68.1,54.5,1013.3,10.0,12.2,15.9,24.1,75.9,60.1,0.0,999.9,0,545
2,6,2013,8,2013-08-06,66.2,54.5,1019.1,10.0,5.3,8.9,999.9,73.9,55.9,0.0,999.9,0,543
3,7,2013,8,2013-08-07,64.5,55.9,1022.0,9.9,5.1,9.9,999.9,73.9,54.0,0.0,999.9,0,508
4,8,2013,8,2013-08-08,67.8,64.0,1020.1,10.0,6.7,9.9,999.9,75.0,54.0,0.0,999.9,0,549
5,9,2013,8,2013-08-09,70.7,68.8,1016.9,9.3,13.1,21.0,27.0,75.0,61.0,0.03,999.9,0,579
6,10,2013,8,2013-08-10,72.4,66.5,1012.3,6.4,11.2,15.0,21.0,80.1,68.0,0.06,999.9,1,495
7,11,2013,8,2013-08-11,69.5,56.7,1017.0,10.0,7.5,11.1,999.9,80.1,60.1,0.0,999.9,0,481
1,12,2013,8,2013-08-12,68.2,63.2,1016.8,10.0,7.2,11.1,999.9,75.0,60.1,0.0,999.9,0,519
2,13,2013,8,2013-08-13,67.8,66.7,1011.1,4.6,3.4,17.1,999.9,73.9,64.0,0.0,999.9,1,552
3,14,2013,8,2013-08-14,68.4,59.6,1007.5,8.3,9.6,19.0,24.1,73.0,64.0,0.5,999.9,0,622
4,15,2013,8,2013-08-15,67.2,52.7,1016.9,10.0,10.2,15.0,21.0,73.0,62.1,0.0,999.9,0,599
5,16,2013,8,2013-08-16,67.4,59.7,1021.2,10.0,8.2,12.0,999.9,73.0,62.1,0.0,999.9,0,678
6,17,2013,8,2013-08-17,67.3,59.8,1023.8,10.0,3.2,8.0,999.9,75.9,55.9,0.0,999.9,0,504
7,18,2013,8,2013-08-18,64.8,58.4,1023.8,8.4,3.3,8.0,999.9,75.9,55.9,0.01,999.9,1,442
1,19,2013,8,2013-08-19,65.5,60.8,1017.5,9.5,8.1,13.0,999.9,73.9,57.0,0.39,999.9,0,462
2,20,2013,8,2013-08-20,71.0,64.7,1017.3,9.5,7.0,11.1,999.9,78.1,57.0,0.01,999.9,0,542
3,21,2013,8,2013-08-21,70.3,66.7,1020.1,7.1,6.5,9.9,999.9,79.0,64.0,0.0,999.9,1,562
4,22,2013,8,2013-08-22,70.5,68.9,1016.9,3.9,9.8,14.0,999.9,79.0,64.0,0.01,999.9,1,578
5,23,2013,8,2013-08-23,70.6,65.0,1013.1,7.8,12.1,22.9,28.0,77.0,63.0,0.0,999.9,0,636
6,24,2013,8,2013-08-24,66.2,55.2,1022.3,10.0,10.7,19.0,24.1,77.0,55.9,0.0,999.9,0,527
7,25,2013,8,2013-08-25,64.0,54.6,1026.6,10.0,6.7,12.0,999.9,75.0,50.0,0.0,999.9,0,459
1,26,2013,8,2013-08-26,68.3,64.1,1020.1,10.0,11.2,19.0,22.0,75.0,50.0,0.0,999.9,0,521
2,27,2013,8,2013-08-27,68.0,66.6,1011.8,4.5,8.0,14.0,999.9,70.0,64.4,0.39,999.9,1,506
3,28,2013,8,2013-08-28,66.4,64.6,1012.0,3.9,6.8,9.9,999.9,72.0,62.6,0.67,999.9,1,482
4,29,2013,8,2013-08-29,65.7,63.7,1014.4,5.8,11.3,17.1,21.0,69.1,62.6,0.0,999.9,1,572
5,30,2013,8,2013-08-30,65.0,59.2,1014.8,9.9,10.8,17.1,21.0,70.0,59.0,0.0,999.9,0,599
6,31,2013,8,2013-08-31,69.4,67.0,1011.9,7.0,10.9,13.0,999.9,75.0,59.0,0.0,999.9,0,480
7,1,2013,9,2013-09-01,70.7,68.3,1012.4,7.5,10.1,13.0,999.9,75.9,66.9,0.0,999.9,0,480
1,2,2013,9,2013-09-02,70.8,68.7,1010.3,7.0,7.7,11.1,999.9,75.9,68.0,0.0,999.9,1,431
2,3,2013,9,2013-09-03,70.1,69.0,1008.1,2.0,6.8,11.1,999.9,75.9,66.0,0.05,999.9,1,551
3,4,2013,9,2013-09-04,68.5,61.9,1011.4,8.9,8.8,15.0,20.0,73.9,63.0,0.06,999.9,0,604
4,5,2013,9,2013-09-05,67.4,62.1,1013.8,10.0,10.4,17.1,22.0,75.9,61.0,0.0,999.9,0,493
5,6,2013,9,2013-09-06,60.3,47.8,1021.1,10.0,5.3,12.0,999.9,75.9,52.0,0.0,999.9,0,524
6,7,2013,9,2013-09-07,63.6,50.4,1017.9,10.0,10.2,17.1,22.0,71.1,52.0,0.0,999.9,0,585
7,8,2013,9,2013-09-08,68.0,59.3,1010.5,10.0,13.3,19.0,26.0,75.9,57.0,0.0,999.9,0,500
1,9,2013,9,2013-09-09,59.8,42.5,1021.4,10.0,8.2,15.9,22.0,75.9,50.0,0.0,999.9,0,632
2,10,2013,9,2013-09-10,65.5,57.5,1022.0,10.0,10.1,18.1,22.9,72.0,50.0,0.0,999.9,0,629
3,11,2013,9,2013-09-11,69.9,66.8,1019.3,6.8,10.9,13.0,19.0,73.9,61.0,0.0,999.9,0,576
4,12,2013,9,2013-09-12,70.2,67.6,1013.7,5.3,11.4,15.9,20.0,75.0,66.9,0.0,999.9,0,695
5,13,2013,9,2013-09-13,69.1,67.0,1004.5,6.1,8.9,15.0,19.0,75.0,66.9,0.01,999.9,1,652
6,14,2013,9,2013-09-14,64.5,57.6,1010.4,10.0,9.1,13.0,19.0,73.9,60.1,0.13,999.9,0,519
7,15,2013,9,2013-09-15,61.2,50.7,1019.4,10.0,6.6,13.0,17.1,68.0,51.1,0.0,999.9,0,476
1,16,2013,9,2013-09-16,62.4,54.8,1017.9,10.0,7.4,13.0,15.0,70.0,51.1,0.0,999.9,0,570
2,17,2013,9,2013-09-17,56.1,43.1,1024.7,10.0,16.3,22.9,29.9,70.0,51.1,0.02,999.9,0,627
3,18,2013,9,2013-09-18,56.1,42.7,1025.2,10.0,5.8,11.1,999.9,69.1,43.0,0.0,999.9,0,571
4,19,2013,9,2013-09-19,62.4,54.6,1020.3,10.0,9.6,15.0,19.0,69.1,43.0,0.0,999.9,0,536
5,20,2013,9,2013-09-20,62.6,58.5,1018.4,9.5,6.2,8.9,999.9,71.1,53.6,0.01,999.9,0,631
6,21,2013,9,2013-09-21,63.6,60.3,1015.6,9.9,7.8,13.0,999.9,72.0,54.0,0.01,999.9,1,546
7,22,2013,9,2013-09-22,66.3,63.4,1007.0,8.8,9.8,15.0,29.9,72.0,60.1,0.24,999.9,0,585
1,23,2013,9,2013-09-23,57.5,44.9,1011.2,10.0,10.4,15.0,22.0,69.1,48.9,0.0,999.9,0,661
2,24,2013,9,2013-09-24,54.5,42.7,1013.0,10.0,8.4,13.0,19.0,61.0,46.0,0.0,999.9,0,615
3,25,2013,9,2013-09-25,55.3,45.3,1012.3,10.0,4.5,8.9,999.9,64.0,44.1,0.0,999.9,0,539
4,26,2013,9,2013-09-26,56.8,46.4,1015.6,10.0,8.0,17.1,20.0,64.0,44.1,0.0,999.9,0,516
5,27,2013,9,2013-09-27,58.1,51.2,1020.2,10.0,11.5,18.1,24.1,64.0,46.9,0.0,999.9,0,553
6,28,2013,9,2013-09-28,59.2,50.1,1024.6,10.0,7.4,11.1,999.9,69.1,50.0,0.0,999.9,0,547
7,29,2013,9,2013-09-29,54.9,50.1,1022.8,10.0,7.8,13.0,999.9,69.1,45.0,0.01,999.9,0,506
1,30,2013,9,2013-09-30,59.5,54.3,1016.9,9.8,10.4,19.0,22.9,66.9,45.0,0.01,999.9,0,605
2,1,2013,10,2013-10-01,62.1,51.8,1012.9,10.0,8.0,15.0,999.9,70.0,53.1,0.0,999.9,0,616
3,2,2013,10,2013-10-02,64.8,58.1,1012.1,9.3,8.7,17.1,19.0,73.9,53.1,0.01,999.9,1,647
4,3,2013,10,2013-10-03,65.8,56.3,1016.4,10.0,6.5,8.9,999.9,75.9,59.0,0.0,999.9,0,590
5,4,2013,10,2013-10-04,62.8,57.5,1017.7,9.3,5.2,8.9,999.9,71.1,53.6,0.01,999.9,1,658
6,5,2013,10,2013-10-05,61.3,57.7,1018.0,9.6,4.2,8.0,999.9,72.0,54.0,0.13,999.9,0,497
7,6,2013,10,2013-10-06,59.1,54.8,1021.1,6.9,7.2,14.0,22.0,64.9,53.1,0.0,999.9,1,404
1,7,2013,10,2013-10-07,65.7,62.3,1017.4,8.5,11.9,15.0,20.0,73.0,53.1,0.0,999.9,0,618
2,8,2013,10,2013-10-08,61.5,51.6,1019.7,8.7,12.2,18.1,24.1,73.0,52.0,0.47,999.9,0,574
3,9,2013,10,2013-10-09,56.4,44.3,1027.9,10.0,11.6,22.0,26.0,64.9,51.1,0.03,999.9,0,529
4,10,2013,10,2013-10-10,58.4,52.6,1024.3,10.0,11.6,15.0,22.0,64.9,54.0,0.0,999.9,0,559
5,11,2013,10,2013-10-11,60.6,56.6,1018.4,10.0,13.3,19.0,26.0,64.9,55.0,0.0,999.9,0,621
6,12,2013,10,2013-10-12,58.6,53.4,1021.7,10.0,13.2,22.0,31.1,64.9,54.0,0.0,999.9,0,556
7,13,2013,10,2013-10-13,55.1,45.6,1027.8,10.0,11.4,15.9,22.9,64.0,48.0,0.0,999.9,0,502
1,14,2013,10,2013-10-14,51.5,44.0,1027.0,10.0,4.6,8.9,999.9,62.1,41.0,0.0,999.9,0,440
2,15,2013,10,2013-10-15,53.9,47.3,1023.8,10.0,6.3,12.0,999.9,63.0,41.0,0.01,999.9,0,615
3,16,2013,10,2013-10-16,57.5,55.4,1017.7,6.2,9.3,14.0,999.9,63.0,44.1,0.01,999.9,0,548
4,17,2013,10,2013-10-17,59.4,57.4,1011.5,7.9,6.1,11.1,999.9,63.0,55.0,0.01,999.9,0,574
5,18,2013,10,2013-10-18,62.3,57.0,1008.3,8.8,11.0,20.0,25.1,68.0,57.0,0.01,999.9,0,680
6,19,2013,10,2013-10-19,57.3,45.0,1013.9,10.0,6.2,11.1,15.9,68.0,46.9,0.0,999.9,0,471
7,20,2013,10,2013-10-20,58.3,47.4,1010.3,10.0,9.4,15.9,21.0,62.1,46.9,0.05,999.9,0,490
1,21,2013,10,2013-10-21,54.4,41.1,1018.5,10.0,7.1,15.0,19.0,64.0,39.9,0.0,999.9,0,616
2,22,2013,10,2013-10-22,59.1,52.4,1012.5,10.0,6.1,8.9,999.9,66.9,39.9,0.0,999.9,0,540
3,23,2013,10,2013-10-23,52.5,44.6,1005.8,9.8,7.9,12.0,999.9,66.9,48.0,0.0,999.9,0,558
4,24,2013,10,2013-10-24,48.4,34.5,1007.5,9.9,10.8,15.9,27.0,57.0,43.0,0.36,999.9,0,632
5,25,2013,10,2013-10-25,48.0,30.2,1015.2,10.0,9.2,13.0,21.0,54.0,43.0,0.0,999.9,0,647
6,26,2013,10,2013-10-26,49.0,32.9,1020.1,10.0,13.7,25.1,34.0,57.9,32.0,0.0,999.9,0,626
7,27,2013,10,2013-10-27,54.3,38.7,1012.5,10.0,13.8,26.0,35.9,57.9,50.0,0.01,999.9,0,512
1,28,2013,10,2013-10-28,50.7,33.0,1020.4,10.0,10.3,21.0,27.0,57.9,36.0,0.0,999.9,0,620
2,29,2013,10,2013-10-29,47.5,34.1,1027.6,10.0,6.8,15.0,20.0,57.9,36.0,0.0,999.9,0,600
3,30,2013,10,2013-10-30,46.8,38.6,1025.8,10.0,5.2,11.1,999.9,57.9,34.0,0.0,999.9,0,558
4,31,2013,10,2013-10-31,54.8,50.9,1021.4,9.1,6.0,12.0,999.9,62.1,34.0,0.0,999.9,0,615
5,1,2013,11,2013-11-01,62.3,59.7,1008.7,6.3,18.2,24.1,34.0,66.0,45.0,0.01,999.9,0,710
6,2,2013,11,2013-11-02,57.4,55.2,1003.8,6.4,5.6,15.0,21.0,66.0,53.1,0.14,999.9,1,551
7,3,2013,11,2013-11-03,49.4,43.7,1013.0,8.8,12.0,24.1,28.9,60.1,42.1,0.05,999.9,0,415
1,4,2013,11,2013-11-04,42.0,26.0,1032.0,10.0,13.9,20.0,25.1,55.0,39.0,0.0,999.9,0,658
2,5,2013,11,2013-11-05,43.5,30.4,1037.8,10.0,3.9,7.0,999.9,50.0,37.9,0.0,999.9,0,510
3,6,2013,11,2013-11-06,46.5,41.4,1030.4,10.0,3.7,8.9,999.9,57.0,36.0,0.0,999.9,0,635
4,7,2013,11,2013-11-07,57.8,55.7,1015.6,7.1,11.4,20.0,28.0,64.0,37.0,0.01,999.9,0,646
5,8,2013,11,2013-11-08,47.1,32.0,1012.2,10.0,13.7,20.0,27.0,64.0,41.0,1.56,999.9,0,682
6,9,2013,11,2013-11-09,41.7,22.4,1020.4,10.0,12.9,21.0,28.9,51.1,37.9,0.03,999.9,0,571
7,10,2013,11,2013-11-10,52.5,39.7,1013.4,10.0,13.0,26.0,35.9,60.1,37.9,0.0,999.9,0,474
1,11,2013,11,2013-11-11,47.1,30.4,1015.7,10.0,15.9,22.0,31.1,60.1,42.1,0.01,999.9,0,456
2,12,2013,11,2013-11-12,45.7,36.8,1015.0,8.5,16.5,22.9,28.9,55.0,32.0,0.0,999.9,0,647
3,13,2013,11,2013-11-13,33.5,20.7,1022.1,10.0,12.6,15.9,25.1,37.4,30.0,0.06,999.9,0,593
4,14,2013,11,2013-11-14,42.8,27.4,1021.3,10.0,14.2,22.0,28.9,50.0,30.0,0.0,999.9,0,620
5,15,2013,11,2013-11-15,53.0,39.1,1022.7,10.0,12.3,17.1,20.0,57.9,48.9,0.0,999.9,0,617
6,16,2013,11,2013-11-16,51.2,43.6,1025.0,9.6,6.5,9.9,999.9,57.9,46.9,0.0,999.9,0,612
7,17,2013,11,2013-11-17,48.9,45.9,1024.9,6.8,7.0,13.0,999.9,55.9,37.4,0.0,999.9,1,532
1,18,2013,11,2013-11-18,55.9,53.7,1006.1,5.0,13.5,24.1,35.0,60.8,51.1,0.23,999.9,1,611
2,19,2013,11,2013-11-19,47.0,29.2,1010.1,9.8,14.0,22.0,28.9,60.1,39.9,0.26,999.9,0,600
3,20,2013,11,2013-11-20,38.0,21.5,1028.8,10.0,14.5,17.1,25.1,52.0,34.0,0.0,999.9,0,607
4,21,2013,11,2013-11-21,39.0,26.7,1035.0,10.0,4.9,9.9,999.9,48.0,30.9,0.0,999.9,0,628
5,22,2013,11,2013-11-22,46.2,41.9,1024.5,9.4,5.6,18.1,25.1,54.0,30.9,0.0,999.9,0,702
6,23,2013,11,2013-11-23,47.3,34.3,1010.4,9.6,9.9,18.1,27.0,54.0,39.0,0.08,999.9,0,536
7,24,2013,11,2013-11-24,30.5,9.2,1011.1,10.0,18.3,28.0,47.0,52.0,26.1,0.01,999.9,0,494
1,25,2013,11,2013-11-25,27.0,4.4,1025.3,10.0,15.4,27.0,39.0,36.0,23.0,0.0,999.9,0,710
2,26,2013,11,2013-11-26,44.4,33.4,1026.6,10.0,11.3,19.0,26.0,50.0,23.0,0.0,999.9,0,867
3,27,2013,11,2013-11-27,53.3,51.9,1009.8,5.2,20.0,32.1,42.9,59.0,46.0,0.15,999.9,0,742
4,28,2013,11,2013-11-28,40.1,28.4,1014.2,9.4,14.9,24.1,35.9,60.1,30.0,1.86,999.9,0,429
5,29,2013,11,2013-11-29,31.2,12.9,1033.0,10.0,8.7,14.0,17.1,42.1,26.1,0.0,999.9,0,437
6,30,2013,11,2013-11-30,31.3,15.4,1038.9,10.0,6.5,12.0,999.9,37.9,25.0,0.0,999.9,0,479
7,1,2013,12,2013-12-01,43.1,35.0,1026.2,9.8,10.9,14.0,999.9,50.0,25.0,0.0,999.9,0,420
1,2,2013,12,2013-12-02,44.0,42.1,1014.2,7.0,7.1,11.1,999.9,50.0,39.0,0.07,999.9,1,549
2,3,2013,12,2013-12-03,41.8,38.2,1011.1,10.0,11.7,18.1,24.1,46.0,39.0,0.0,999.9,0,553
3,4,2013,12,2013-12-04,39.8,31.7,1017.2,9.8,6.4,11.1,999.9,45.0,30.9,0.0,999.9,0,520
4,5,2013,12,2013-12-05,43.4,40.5,1021.5,8.3,7.4,13.0,20.0,51.1,30.0,0.0,999.9,1,573
5,6,2013,12,2013-12-06,50.6,49.7,1015.2,3.0,8.4,14.0,19.0,55.9,33.1,0.0,999.9,1,759
6,7,2013,12,2013-12-07,39.7,34.5,1021.6,7.8,11.8,19.0,25.1,55.9,37.0,0.51,999.9,0,567
7,8,2013,12,2013-12-08,34.0,19.4,1032.4,10.0,8.8,15.0,20.0,41.0,30.9,0.28,999.9,0,456
1,9,2013,12,2013-12-09,40.8,36.3,1023.6,6.8,11.2,21.0,34.0,51.8,33.1,0.13,999.9,0,639
2,10,2013,12,2013-12-10,38.8,35.1,1012.4,6.7,9.1,17.1,25.1,51.1,33.1,0.2,999.9,1,539
3,11,2013,12,2013-12-11,31.8,20.6,1020.3,9.9,12.8,18.1,29.9,42.1,28.0,0.19,999.9,0,605
4,12,2013,12,2013-12-12,28.1,11.3,1022.3,10.0,11.5,19.0,26.0,34.0,19.9,0.0,999.9,0,648
5,13,2013,12,2013-12-13,28.1,12.0,1019.3,9.9,12.7,24.1,31.1,35.1,19.9,0.0,999.9,0,695
6,14,2013,12,2013-12-14,26.9,15.8,1029.8,8.1,10.7,15.0,22.0,35.1,23.0,0.0,999.9,0,690
7,15,2013,12,2013-12-15,40.0,37.1,1004.5,5.8,18.9,26.0,36.9,51.8,32.0,0.87,999.9,0,450
1,16,2013,12,2013-12-16,32.0,15.5,1012.3,10.0,12.5,17.1,27.0,35.1,27.0,0.83,999.9,0,640
2,17,2013,12,2013-12-17,28.6,15.9,1021.4,9.0,9.6,18.1,25.1,41.0,21.0,0.0,999.9,0,703
3,18,2013,12,2013-12-18,35.4,30.1,1011.3,8.7,13.0,24.1,32.1,45.0,21.0,0.15,999.9,0,701
4,19,2013,12,2013-12-19,39.1,27.5,1018.9,10.0,13.8,20.0,27.0,48.0,27.0,0.0,999.9,0,607
5,20,2013,12,2013-12-20,42.5,37.5,1019.0,8.3,7.4,12.0,999.9,52.0,32.0,0.0,999.9,0,674
6,21,2013,12,2013-12-21,47.6,45.6,1016.3,5.5,9.0,14.0,999.9,52.0,32.0,0.0,999.9,0,594
7,22,2013,12,2013-12-22,51.9,51.2,1014.6,2.1,15.2,22.9,29.9,55.9,44.1,0.01,999.9,1,505
1,23,2013,12,2013-12-23,48.7,47.5,1015.7,3.5,6.7,14.0,21.0,55.9,39.9,0.0,999.9,1,707
2,24,2013,12,2013-12-24,38.4,34.9,1017.1,8.8,13.4,20.0,26.0,43.0,33.8,0.5,999.9,0,515
3,25,2013,12,2013-12-25,26.2,13.9,1026.6,9.7,12.5,18.1,25.1,39.9,21.0,0.06,999.9,0,257
4,26,2013,12,2013-12-26,33.3,26.8,1029.1,9.3,7.8,15.0,22.0,43.0,21.0,0.0,999.9,0,428
5,27,2013,12,2013-12-27,33.1,22.7,1023.9,10.0,10.0,15.9,22.0,43.0,23.0,0.22,999.9,0,476
6,28,2013,12,2013-12-28,39.3,29.8,1022.2,9.9,10.4,18.1,24.1,50.0,27.0,0.0,999.9,0,475
7,29,2013,12,2013-12-29,43.2,40.6,1016.7,6.9,7.8,24.1,32.1,50.0,27.0,0.0,999.9,0,394
1,30,2013,12,2013-12-30,42.5,36.9,1008.3,8.8,14.1,25.1,34.0,54.0,35.1,0.75,999.9,0,476
2,31,2013,12,2013-12-31,28.5,16.8,1018.8,9.4,10.1,15.0,20.0,34.0,24.8,0.0,999.9,0,465
3,1,2014,1,2014-01-01,28.2,10.4,1025.6,10.0,11.3,21.0,28.9,32.0,25.0,0.0,999.9,0,399
4,2,2014,1,2014-01-02,31.1,22.4,1020.8,5.8,10.9,25.1,34.0,35.6,26.1,0.0,999.9,0,603
5,3,2014,1,2014-01-03,24.2,20.2,1007.0,0.8,26.9,35.9,47.0,30.9,15.8,0.15,999.9,1,423
6,4,2014,1,2014-01-04,18.8,10.9,1030.5,9.3,12.1,21.0,26.0,35.1,8.1,0.01,999.9,0,418
7,5,2014,1,2014-01-05,37.8,33.5,1026.0,9.0,8.6,18.1,25.1,42.1,27.0,0.0,999.9,0,320
1,6,2014,1,2014-01-06,46.3,45.1,1007.0,2.5,14.8,20.0,26.0,52.0,41.0,0.04,999.9,1,518
2,7,2014,1,2014-01-07,23.9,10.4,1009.6,9.4,17.6,28.9,41.0,52.0,15.1,0.12,999.9,0,491
3,8,2014,1,2014-01-08,18.2,5.0,1028.1,10.0,12.0,17.1,26.0,34.0,12.0,0.0,999.9,0,616
4,9,2014,1,2014-01-09,23.5,8.3,1034.2,10.0,7.9,12.0,20.0,28.9,12.0,0.0,999.9,0,561
5,10,2014,1,2014-01-10,28.8,22.6,1034.1,9.7,5.8,11.1,999.9,39.2,12.9,0.0,999.9,0,667
6,11,2014,1,2014-01-11,44.8,43.0,1019.0,4.4,13.4,22.9,32.1,51.8,37.9,0.0,999.9,1,465
7,12,2014,1,2014-01-12,45.1,38.4,1003.8,5.5,14.7,28.9,36.9,53.1,39.0,1.6,999.9,1,388
1,13,2014,1,2014-01-13,38.6,31.2,1018.7,9.2,7.7,12.0,999.9,46.9,28.9,0.01,999.9,0,568
2,14,2014,1,2014-01-14,45.5,43.2,1012.5,5.2,11.8,15.0,22.0,48.0,28.9,0.0,999.9,1,559
3,15,2014,1,2014-01-15,41.1,38.4,1013.3,6.5,6.0,15.9,24.1,48.9,32.0,0.62,999.9,0,583
4,16,2014,1,2014-01-16,40.8,39.3,1010.6,4.6,5.9,11.1,999.9,46.0,32.0,0.0,999.9,0,521
5,17,2014,1,2014-01-17,38.6,35.8,1014.8,6.7,3.7,8.9,999.9,44.1,32.0,0.0,999.9,1,589
6,18,2014,1,2014-01-18,38.8,35.8,1009.2,8.7,7.9,19.0,28.0,44.1,28.0,0.0,999.9,0,448
7,19,2014,1,2014-01-19,36.1,29.0,1005.7,10.0,16.5,28.0,38.1,43.0,32.0,0.04,999.9,0,380
1,20,2014,1,2014-01-20,41.0,27.9,1003.2,10.0,16.8,24.1,35.0,46.9,34.0,0.0,999.9,0,360
2,21,2014,1,2014-01-21,29.2,17.5,1012.1,8.5,12.6,22.0,28.9,46.9,23.0,0.0,999.9,1,1161
3,22,2014,1,2014-01-22,25.0,20.3,1001.1,1.9,25.7,35.9,46.0,36.0,18.0,0.01,999.9,1,498
4,23,2014,1,2014-01-23,16.5,5.1,1014.4,9.7,11.1,19.0,24.1,28.9,9.0,0.0,999.9,0,612
5,24,2014,1,2014-01-24,14.8,-0.5,1022.4,10.0,11.8,15.9,22.9,23.0,9.0,0.0,999.9,0,705
6,25,2014,1,2014-01-25,32.0,23.0,1011.2,8.5,17.0,27.0,35.9,41.0,10.9,0.0,999.9,0,475
7,26,2014,1,2014-01-26,26.8,15.4,1004.7,9.4,17.8,22.9,29.9,41.0,21.0,0.03,999.9,0,465
1,27,2014,1,2014-01-27,38.8,32.3,1008.0,8.8,12.3,17.1,22.9,45.0,21.0,0.0,999.9,0,511
2,28,2014,1,2014-01-28,22.2,-1.3,1020.6,10.0,10.7,17.1,25.1,45.0,17.1,0.0,999.9,0,504
3,29,2014,1,2014-01-29,20.3,10.4,1021.2,6.3,8.1,14.0,999.9,27.0,17.1,0.02,999.9,0,649
4,30,2014,1,2014-01-30,22.0,5.8,1027.2,10.0,8.1,15.9,24.1,27.0,12.9,0.01,999.9,0,657
5,31,2014,1,2014-01-31,33.7,26.7,1020.9,9.9,9.1,15.0,19.0,37.4,28.9,0.0,999.9,0,560
6,1,2014,2,2014-02-01,35.6,25.1,1024.8,10.0,4.8,8.0,999.9,41.0,30.9,0.0,999.9,0,507
7,2,2014,2,2014-02-02,39.3,37.2,1016.5,5.5,8.7,15.0,20.0,45.0,30.9,0.1,999.9,1,417
1,3,2014,2,2014-02-03,36.5,33.6,1018.2,5.3,9.1,15.0,18.1,45.0,32.0,0.06,999.9,1,960
2,4,2014,2,2014-02-04,32.5,26.2,1027.2,10.0,7.8,14.0,999.9,41.0,27.0,0.61,999.9,0,613
3,5,2014,2,2014-02-05,32.3,29.1,1018.9,6.3,9.2,22.9,31.1,37.4,24.1,0.1,999.9,0,468
4,6,2014,2,2014-02-06,30.4,24.5,1018.1,8.6,11.5,17.1,24.1,37.0,24.1,0.56,999.9,0,569
5,7,2014,2,2014-02-07,28.1,15.7,1023.2,10.0,9.0,14.0,19.0,32.0,24.1,0.0,999.9,0,675
6,8,2014,2,2014-02-08,28.2,14.2,1023.9,10.0,8.6,12.0,19.0,32.0,21.9,0.0,999.9,0,424
7,9,2014,2,2014-02-09,30.3,18.2,1018.7,10.0,4.9,9.9,999.9,37.0,21.9,0.0,999.9,0,450
1,10,2014,2,2014-02-10,28.9,18.8,1015.7,9.0,9.0,19.0,26.0,37.0,23.0,0.0,999.9,0,678
2,11,2014,2,2014-02-11,24.0,6.4,1023.8,10.0,9.2,15.0,18.1,32.0,19.9,0.0,999.9,0,636
3,12,2014,2,2014-02-12,23.7,10.0,1030.8,10.0,10.5,17.1,25.1,30.0,17.6,0.0,999.9,0,640
4,13,2014,2,2014-02-13,37.0,32.0,1022.3,6.3,13.4,25.1,36.9,48.9,18.0,0.0,999.9,1,447
5,14,2014,2,2014-02-14,40.2,35.7,989.5,5.7,20.1,35.9,47.0,50.0,30.0,1.41,999.9,1,792
6,15,2014,2,2014-02-15,35.2,28.8,1006.5,7.3,11.8,27.0,35.9,39.0,28.0,0.02,999.9,0,516
7,16,2014,2,2014-02-16,29.8,22.4,1004.2,7.5,20.2,34.0,45.1,39.0,25.0,0.63,999.9,1,464
1,17,2014,2,2014-02-17,24.3,8.9,1019.8,9.3,13.1,19.0,28.0,32.0,19.0,0.0,999.9,0,491
2,18,2014,2,2014-02-18,28.2,18.5,1023.6,9.0,12.7,26.0,32.1,42.1,9.0,0.0,999.9,0,518
3,19,2014,2,2014-02-19,35.0,29.4,1015.6,8.9,12.3,21.0,31.1,44.6,25.0,0.11,999.9,0,552
4,20,2014,2,2014-02-20,39.6,32.2,1018.5,7.1,10.4,15.9,26.0,50.0,23.0,0.19,999.9,0,556
5,21,2014,2,2014-02-21,42.2,40.0,1017.2,3.9,10.4,19.0,26.0,50.0,35.1,0.26,999.9,1,545
6,22,2014,2,2014-02-22,41.4,36.5,1015.1,7.1,11.0,22.0,28.9,51.8,33.8,0.44,999.9,1,587
7,23,2014,2,2014-02-23,42.0,36.9,1015.4,9.5,9.1,13.0,999.9,46.9,34.0,0.0,999.9,0,414
1,24,2014,2,2014-02-24,37.5,25.8,1008.3,9.7,10.3,18.1,28.9,46.9,30.9,0.09,999.9,0,569
2,25,2014,2,2014-02-25,27.0,8.7,1014.2,10.0,15.5,21.0,31.1,42.1,21.9,0.04,999.9,0,513
3,26,2014,2,2014-02-26,25.8,12.6,1012.3,8.9,8.0,17.1,21.0,30.9,21.0,0.0,999.9,0,511
4,27,2014,2,2014-02-27,24.7,11.2,1008.1,8.6,8.4,15.9,26.0,32.0,14.0,0.0,999.9,0,571
5,28,2014,2,2014-02-28,19.2,-1.15,1020.5,9.7,11.95,23.05,30.95,26.4,11.3,0.0,999.9,0,655
6,1,2014,3,2014-03-01,21.95,10.6,1029.1,10.0,5.1,13.5,20.0,35.35,8.5,0.0,999.9,0,497
7,2,2014,3,2014-03-02,34.3,28.45,1018.5,9.45,7.2,13.05,21.0,38.65,31.45,0.0,999.9,0,344
1,3,2014,3,2014-03-03,23.9,12.1,1017.2,7.45,9.4,19.05,26.55,27.5,20.2,0.0,999.9,0,440
2,4,2014,3,2014-03-04,21.85,7.3,1025.5,10.0,7.25,11.55,999.9,30.1,14.8,0.0,999.9,0,532
3,5,2014,3,2014-03-05,28.3,17.05,1024.3,9.4,6.15,16.5,23.0,34.0,24.0,0.0,999.9,0,491
4,6,2014,3,2014-03-06,25.25,13.85,1032.2,8.9,13.2,18.5,24.5,28.4,21.1,0.0,999.9,0,558
5,7,2014,3,2014-03-07,29.4,20.9,1027.4,10.0,8.4,14.0,19.0,37.9,19.0,0.0,999.9,0,533
6,8,2014,3,2014-03-08,40.3,33.2,1009.0,8.9,11.0,15.9,21.0,48.0,35.6,0.0,999.9,1,515
7,9,2014,3,2014-03-09,35.2,21.7,1011.2,10.0,8.9,15.0,22.0,37.9,30.0,0.0,999.9,0,404
1,10,2014,3,2014-03-10,33.5,24.0,1010.7,8.9,6.1,15.0,999.9,39.2,28.0,0.0,999.9,0,513
2,11,2014,3,2014-03-11,42.4,33.75,1002.9,8.15,7,10.95,16.55,52.15,32.9,0.0,999.9,0,510
3,12,2014,3,2014-03-12,43.7,37.15,1002.2,8.0,8.75,21.6,31.45,53.6,34.45,0.0,999.9,0,515
4,13,2014,3,2014-03-13,31.95,27.5,990.4,4.45,14.1,21.95,29.4,50.9,20.2,0.6,999.9,0,545
5,14,2014,3,2014-03-14,24.15,8.15,1018.4,10.0,13.4,19.5,28.45,35.35,16.5,0.03,999.9,0,585
6,15,2014,3,2014-03-15,42.35,34.1,1011.5,9.1,13.3,18.45,23.5,48.4,34.9,0.0,999.9,0,519
7,16,2014,3,2014-03-16,35.1,15.6,1016.5,10.0,10.4,18.05,25.05,41.9,30.75,0.0,999.9,0,412
1,17,2014,3,2014-03-17,27.55,10.15,1018.8,10.0,10.5,15.05,19.55,34.6,22.65,0.0,999.9,0,519
2,18,2014,3,2014-03-18,24.8,14.0,1023.7,10.0,6.75,14,17.5,36.3,15.1,0.0,999.9,0,551
3,19,2014,3,2014-03-19,33.0,22.95,1025.6,10.0,7.95,14,19.5,42.45,23.25,0.0,999.9,0,525
4,20,2014,3,2014-03-20,42.75,38.05,1009.6,6.85,13.1,21.45,28.0,48.9,36.3,0.4,999.9,1,627
5,21,2014,3,2014-03-21,39.3,28.2,1010.6,9.6,14.0,22.0,28.0,44.1,35.1,0.0,999.9,0,589
6,22,2014,3,2014-03-22,38.1,27.9,1013.6,9.7,11.2,22.0,31.1,50.0,23.0,0.0,999.9,0,493
7,23,2014,3,2014-03-23,38.9,25.3,1013.9,10.0,9.5,15.0,21.0,43.0,33.1,0.0,999.9,0,427
1,24,2014,3,2014-03-24,27.4,8.0,1017.9,10.0,13.4,24.1,31.1,36.0,21.9,0.0,999.9,0,547
2,25,2014,3,2014-03-25,26.5,10.5,1019.8,10.0,4.1,8.9,999.9,35.1,15.1,0.0,999.9,0,474
3,26,2014,3,2014-03-26,30.05,19.2,1001.4,4.35,25.65,35.05,55.55,33.0,26.6,0.0,999.9,1,563
4,27,2014,3,2014-03-27,27.5,4.55,1022.3,10.0,17.6,24.1,35.95,31.2,23.9,0.0,999.9,0,538
5,28,2014,3,2014-03-28,42.75,35.95,1023.4,9.1,14.9,26.05,34.95,52.6,33.0,0.0,999.9,0,530
6,29,2014,3,2014-03-29,44.65,42.15,1021.6,4.8,9.8,17.1,24.95,51.45,37.4,0.02,999.9,1,569
7,30,2014,3,2014-03-30,46.6,45.75,1001.5,2.15,13.15,21,30.05,55.4,38.65,1.22,999.9,1,437
1,31,2014,3,2014-03-31,37.8,35.3,1005.3,6.1,21.3,26.0,38.1,39.9,36.0,0.29,999.9,0,559
2,1,2014,4,2014-04-01,37.6,29.05,1015.3,9.55,14.95,23.5,34.95,43.7,34.7,0.03,999.9,0,549
3,2,2014,4,2014-04-02,41.3,26.25,1019.1,10.0,6.9,12.05,19.0,49.0,29.3,0.0,999.9,0,519
4,3,2014,4,2014-04-03,40.1,29.8,1018.5,9.3,7,16.5,20.0,49.45,29.85,0.0,999.9,0,592
5,4,2014,4,2014-04-04,39.7,30.05,1019.1,10.0,6.65,14.5,19.5,49.0,32.55,0.0,999.9,0,622
6,5,2014,4,2014-04-05,44.9,39.75,1008.7,7.4,11.5,17.45,25.55,51.8,40.1,0.03,999.9,0,580
7,6,2014,4,2014-04-06,41.15,24.95,1017.6,10.0,11.05,17.1,21.95,47.55,34.45,0.0,999.9,0,484
1,7,2014,4,2014-04-07,42.7,31.95,1022.6,10.0,6.4,13.5,20.05,52.15,33.55,0.0,999.9,0,533
2,8,2014,4,2014-04-08,48.55,47.1,1003.5,2.5,14.9,22.9,31.45,55.5,45.25,0.7,999.9,1,606
3,9,2014,4,2014-04-09,46.8,36.1,1002.5,9.6,10.0,17.1,22.9,57.0,42.1,0.45,999.9,0,595
4,10,2014,4,2014-04-10,41.6,28.9,1019.5,9.9,8.8,15.9,999.9,57.0,28.0,0.0,999.9,0,645
5,11,2014,4,2014-04-11,48.0,40.6,1017.8,8.8,13.4,18.1,21.0,53.1,44.1,0.0,999.9,0,609
6,12,2014,4,2014-04-12,50.1,40.8,1019.1,8.5,8.6,13.0,999.9,64.0,43.0,0.0,999.9,0,578
7,13,2014,4,2014-04-13,47.0,40.4,1023.8,9.3,8.8,14.0,20.0,64.0,39.0,0.0,999.9,1,482
1,14,2014,4,2014-04-14,52.2,47.8,1019.3,7.0,14.4,18.1,22.9,57.9,39.0,0.0,999.9,0,514
2,15,2014,4,2014-04-15,52.6,48.0,1013.3,6.6,16.0,22.0,32.1,57.9,48.9,0.0,999.9,0,452
3,16,2014,4,2014-04-16,42.9,32.6,1021.9,7.9,19.2,25.1,46.0,57.9,35.1,0.71,999.9,0,570
4,17,2014,4,2014-04-17,37.5,23.8,1037.9,10.0,15.2,21.0,28.9,53.1,34.0,0.67,999.9,0,508
5,18,2014,4,2014-04-18,40.4,32.0,1032.7,9.9,9.1,15.0,21.0,46.0,35.1,0.0,999.9,0,496
6,19,2014,4,2014-04-19,45.7,35.3,1023.5,10.0,5.9,14.0,18.1,59.0,34.0,0.0,999.9,0,525
7,20,2014,4,2014-04-20,44.2,31.2,1030.4,10.0,9.2,18.1,21.0,59.0,34.0,0.0,999.9,0,393
1,21,2014,4,2014-04-21,43.1,36.9,1022.3,10.0,6.2,11.1,999.9,53.1,34.0,0.0,999.9,0,521
2,22,2014,4,2014-04-22,49.5,43.2,1007.7,10.0,5.6,8.9,999.9,57.9,34.0,0.0,999.9,0,459
3,23,2014,4,2014-04-23,49.5,45.4,998.0,9.2,8.6,17.1,29.9,57.9,43.0,0.01,999.9,0,536
4,24,2014,4,2014-04-24,49.6,28.7,1002.9,10.0,19.1,26.0,34.0,57.0,44.1,0.12,999.9,0,586
5,25,2014,4,2014-04-25,49.2,29.9,1013.4,10.0,9.65,13.5,21.45,54.4,44.7,0.0,999.9,0,617
6,26,2014,4,2014-04-26,45.0,37.9,1009.1,8.85,10.45,14.6,21.55,50.7,43.35,0.0,999.9,0,548
7,27,2014,4,2014-04-27,42.4,36.2,1012.5,9.9,4.8,14.0,17.1,50.0,36.0,0.37,999.9,0,449
1,28,2014,4,2014-04-28,45.7,36.95,1016.1,10.0,11.5,17.95,25.55,52.8,39.2,0.01,999.9,0,597
2,29,2014,4,2014-04-29,44.3,36.35,1028.1,9.9,15.05,20.5,28.0,51.15,41.55,0.0,999.9,0,555
3,30,2014,4,2014-04-30,43.05,36.6,1030.7,9.45,11.25,15.45,21.55,47.1,41.0,0.01,999.9,0,651
4,1,2014,5,2014-05-01,50.9,49.7,1016.6,3.1,13.5,19.55,27.0,58.1,43.45,0.35,999.9,1,650
5,2,2014,5,2014-05-02,52.95,45.0,1006.4,6.25,8.85,18,28.0,63.6,46.4,0.21,999.9,1,698
6,3,2014,5,2014-05-03,52.45,40.3,1010.3,9.3,6.6,14.45,21.0,63.6,38.3,0.01,999.9,0,590
7,4,2014,5,2014-05-04,52.9,42.35,1005.1,9.8,12.6,24,31.95,59.8,47.55,0.02,999.9,0,451
1,5,2014,5,2014-05-05,53.45,40.9,1005.8,9.9,9.35,15.55,24.45,60.0,48.1,0.0,999.9,0,618
2,6,2014,5,2014-05-06,51.65,39.55,1011.1,9.8,4.75,12.05,22.9,61.7,43.05,0.01,999.9,0,565
3,7,2014,5,2014-05-07,54.65,35.85,1019.8,10.0,7.45,11.55,17.1,61.35,48.0,0.0,999.9,0,603
4,8,2014,5,2014-05-08,52.5,43.35,1022.3,9.8,7.3,13.5,20.0,63.25,44.4,0.0,999.9,0,596
5,9,2014,5,2014-05-09,52.7,46.85,1022.6,8.9,5.6,12.55,999.9,56.55,46.4,0.0,999.9,1,584
6,10,2014,5,2014-05-10,57.85,53.0,1015.2,8.0,11.85,15.55,22.55,62.95,53.6,0.0,999.9,0,549
7,11,2014,5,2014-05-11,60.2,50.3,1013.2,8.95,11.45,20,25.55,68.8,54.25,0.24,999.9,0,584
1,12,2014,5,2014-05-12,60.55,45.05,1018.5,9.9,7.8,16,22.55,75.3,47.65,0.23,999.9,0,581
2,13,2014,5,2014-05-13,52.6,44.25,1022.0,10.0,13.25,20.5,27.0,58.9,46.65,0.0,999.9,0,560
3,14,2014,5,2014-05-14,51.55,44.8,1026.5,10.0,8.15,13.05,15.9,60.8,44.8,0.0,999.9,0,638
4,15,2014,5,2014-05-15,57.8,51.8,1026.0,10.0,9.6,15.0,20.0,64.9,53.6,0.0,999.9,0,659
5,16,2014,5,2014-05-16,58.3,52.8,1021.6,9.1,11.8,15.0,22.0,64.9,54.0,0.0,999.9,0,700
6,17,2014,5,2014-05-17,57.7,54.1,1016.0,5.8,12.5,19.0,25.1,62.6,51.1,0.26,999.9,1,619
7,18,2014,5,2014-05-18,56.5,46.1,1017.6,9.8,8.5,15.0,20.0,63.0,50.0,0.43,999.9,0,507
1,19,2014,5,2014-05-19,56.9,41.8,1016.9,10.0,9.0,15.9,22.0,63.0,48.9,0.0,999.9,0,572
2,20,2014,5,2014-05-20,56.4,45.7,1015.4,9.9,10.4,21.0,28.9,64.0,51.1,0.11,999.9,0,650
3,21,2014,5,2014-05-21,56.3,47.6,1014.9,10.0,6.0,9.9,999.9,68.0,45.0,0.0,999.9,0,575
4,22,2014,5,2014-05-22,50.3,46.2,1013.1,8.6,6.0,13.0,999.9,57.0,46.0,0.0,999.9,1,593
5,23,2014,5,2014-05-23,54.9,48.6,1012.4,10.0,7.3,12.0,15.9,62.1,50.0,0.02,999.9,0,660
6,24,2014,5,2014-05-24,54.6,46.9,1014.2,10.0,15.0,26.0,29.9,60.1,51.1,0.01,999.9,0,486
7,25,2014,5,2014-05-25,53.7,44.4,1018.2,10.0,5.4,8.9,999.9,59.0,48.0,0.0,999.9,0,472
1,26,2014,5,2014-05-26,56.7,51.1,1015.3,9.6,10.3,15.0,19.0,63.0,51.1,0.0,999.9,0,433
2,27,2014,5,2014-05-27,61.1,52.9,1011.0,9.5,10.0,15.9,20.0,75.0,52.0,0.02,999.9,0,645
3,28,2014,5,2014-05-28,51.1,48.4,1012.8,2.6,15.2,22.9,32.1,53.1,48.2,0.0,999.9,1,538
4,29,2014,5,2014-05-29,52.0,42.7,1021.9,10.0,11.2,17.1,22.9,59.0,46.4,0.01,999.9,0,663
5,30,2014,5,2014-05-30,49.45,42.0,1019.4,9.95,4.5,9.9,13.0,60.25,38.3,0.0,999.9,0,650
6,31,2014,5,2014-05-31,56.25,46.65,1019.1,10.0,13.35,21.6,29.5,60.8,52.6,0.0,999.9,0,587
7,1,2014,6,2014-06-01,58.4,43.5,1024.8,10.0,11.0,15.9,22.0,66.9,51.1,0.0,999.9,0,604
1,2,2014,6,2014-06-02,57.4,46.6,1022.9,10.0,6.8,14.0,999.9,68.0,48.0,0.0,999.9,0,643
2,3,2014,6,2014-06-03,59.75,49.5,1016.6,10.0,8.4,16.05,22.0,70.35,47.55,0.0,999.9,0,663
3,4,2014,6,2014-06-04,56.15,52.15,1011.4,8.6,6.4,10.95,999.9,64.65,52.35,0.0,999.9,1,582
4,5,2014,6,2014-06-05,59.4,58.0,1006.3,4.9,6.45,17,29.55,63.3,55.4,0.01,999.9,1,569
5,6,2014,6,2014-06-06,61.85,55.0,1007.8,9.55,8.8,13.95,20.0,72.15,53.6,2.21,999.9,0,743
6,7,2014,6,2014-06-07,66.15,54.6,1012.5,9.95,7.3,12.5,999.9,75.45,56.2,0.0,999.9,0,623
7,8,2014,6,2014-06-08,67.2,55.95,1013.2,9.9,4.45,8.45,11.1,79.7,54.75,0.0,999.9,0,516
1,9,2014,6,2014-06-09,64.1,57.2,1015.2,8.55,6.1,10.5,15.0,71.6,57.0,0.0,999.9,1,528
2,10,2014,6,2014-06-10,65.2,62.0,1015.8,9.15,6.8,13.95,27.0,69.25,61.8,0.03,999.9,0,569
3,11,2014,6,2014-06-11,61.2,54.4,1019.6,9.3,11.3,15.0,21.0,66.2,57.0,0.16,999.9,0,576
4,12,2014,6,2014-06-12,61.0,53.0,1019.7,10.0,13.4,20.0,26.0,66.9,55.9,0.0,999.9,0,563
5,13,2014,6,2014-06-13,61.7,58.6,1013.7,4.0,14.4,18.1,24.1,66.0,59.0,0.02,999.9,1,708
6,14,2014,6,2014-06-14,66.5,63.8,1009.7,4.8,5.7,11.1,999.9,75.9,62.1,0.26,999.9,1,613
7,15,2014,6,2014-06-15,66.1,54.5,1013.9,10.0,10.9,14.0,19.0,73.9,60.1,0.02,999.9,0,475
1,16,2014,6,2014-06-16,65.2,50.0,1018.6,10.0,7.5,15.0,20.0,73.9,57.9,0.0,999.9,0,622
2,17,2014,6,2014-06-17,62.5,55.2,1019.0,10.0,8.2,12.0,999.9,73.0,57.9,0.0,999.9,0,666
3,18,2014,6,2014-06-18,71.6,62.9,1010.8,6.4,10.1,20.0,26.0,82.9,59.0,0.01,999.9,1,663
4,19,2014,6,2014-06-19,67.3,61.5,1013.6,9.7,6.5,9.9,999.9,72.0,63.7,0.0,999.9,0,675
5,20,2014,6,2014-06-20,64.6,48.8,1013.2,9.8,6.0,11.1,999.9,73.0,52.0,0.08,999.9,0,765
6,21,2014,6,2014-06-21,59.9,46.2,1013.9,10.0,5.1,12.0,999.9,73.0,48.0,0.0,999.9,0,557
7,22,2014,6,2014-06-22,63.2,49.2,1014.6,9.9,6.0,11.1,999.9,73.0,48.0,0.0,999.9,0,477
1,23,2014,6,2014-06-23,62.1,50.3,1019.7,10.0,4.1,9.9,999.9,73.0,52.0,0.0,999.9,0,644
2,24,2014,6,2014-06-24,60.0,51.9,1022.0,10.0,5.3,12.0,999.9,66.9,53.1,0.0,999.9,0,632
3,25,2014,6,2014-06-25,66.8,61.6,1017.0,9.9,8.3,13.0,999.9,73.9,61.0,0.0,999.9,0,646
4,26,2014,6,2014-06-26,66.7,64.4,1011.7,3.5,10.2,21.0,25.1,75.2,62.1,0.01,999.9,1,670
5,27,2014,6,2014-06-27,63.9,53.8,1018.0,9.8,13.6,20.0,34.0,75.0,59.0,0.13,999.9,0,660
6,28,2014,6,2014-06-28,62.2,51.9,1024.1,9.5,4.8,8.0,999.9,72.0,52.0,0.02,999.9,0,611
7,29,2014,6,2014-06-29,64.7,57.9,1024.0,9.5,5.0,8.9,999.9,72.0,55.9,0.01,999.9,0,537
1,30,2014,6,2014-06-30,67.3,61.6,1019.0,10.0,8.0,12.0,999.9,73.0,55.0,0.01,999.9,0,610
2,1,2014,7,2014-07-01,68.6,65.1,1014.4,9.8,9.1,13.0,18.1,73.9,54.0,0.01,999.9,0,616
3,2,2014,7,2014-07-02,69.0,66.0,1014.4,7.2,10.2,14.0,20.0,75.0,64.9,0.0,999.9,1,658
4,3,2014,7,2014-07-03,69.1,67.3,1015.3,1.8,8.5,12.0,999.9,75.9,66.0,0.0,999.9,1,740
5,4,2014,7,2014-07-04,69.9,68.2,1012.5,3.9,9.8,27.0,36.9,75.9,64.4,0.0,999.9,1,360
6,5,2014,7,2014-07-05,67.0,55.8,1012.9,8.4,21.2,42.9,52.1,77.0,62.1,1.88,999.9,0,505
7,6,2014,7,2014-07-06,68.2,59.1,1016.4,10.0,14.1,18.1,26.0,77.0,62.1,0.11,999.9,0,451
1,7,2014,7,2014-07-07,68.6,62.8,1012.8,9.4,13.9,15.9,22.0,73.9,63.0,0.04,999.9,0,614
2,8,2014,7,2014-07-08,69.5,66.2,1010.5,6.2,11.8,15.0,20.0,73.9,64.9,0.01,999.9,1,594
3,9,2014,7,2014-07-09,69.4,66.7,1012.5,5.1,12.3,19.0,27.0,73.9,66.0,0.02,999.9,1,569
4,10,2014,7,2014-07-10,69.4,66.1,1017.9,5.4,6.1,18.1,25.1,78.1,64.4,0.01,999.9,1,584
5,11,2014,7,2014-07-11,69.1,62.4,1021.9,6.5,4.3,8.0,999.9,78.1,64.0,0.03,999.9,1,642
6,12,2014,7,2014-07-12,65.7,58.8,1023.4,9.9,4.4,9.9,999.9,75.9,57.9,0.01,999.9,0,550
7,13,2014,7,2014-07-13,68.7,63.6,1020.0,9.8,9.7,14.0,999.9,73.0,57.9,0.01,999.9,0,439
1,14,2014,7,2014-07-14,69.7,67.0,1014.5,7.4,12.0,15.0,21.0,73.9,64.0,0.0,999.9,0,567
2,15,2014,7,2014-07-15,71.4,69.1,1011.6,5.8,13.1,15.9,22.0,75.2,68.0,0.0,999.9,1,587
3,16,2014,7,2014-07-16,70.4,68.5,1010.6,6.0,13.7,15.9,22.9,75.0,68.0,0.0,999.9,0,551
4,17,2014,7,2014-07-17,70.4,63.7,1013.3,7.7,4.5,8.0,999.9,77.0,66.2,0.01,999.9,1,587
5,18,2014,7,2014-07-18,69.6,59.4,1020.7,9.6,5.0,7.0,999.9,79.0,63.0,0.04,999.9,0,624
6,19,2014,7,2014-07-19,65.0,54.1,1024.2,10.0,5.0,9.9,999.9,78.1,55.9,0.0,999.9,0,480
7,20,2014,7,2014-07-20,65.2,57.9,1021.3,9.1,10.0,13.0,18.1,73.9,55.9,0.0,999.9,0,451
1,21,2014,7,2014-07-21,65.9,63.3,1020.4,6.0,12.8,15.9,21.0,70.0,62.6,0.4,999.9,0,557
2,22,2014,7,2014-07-22,67.1,63.5,1020.4,5.9,5.4,11.1,999.9,73.0,60.1,0.02,999.9,1,587
3,23,2014,7,2014-07-23,69.2,65.9,1015.0,9.9,9.9,14.0,20.0,73.9,60.1,0.01,999.9,0,591
4,24,2014,7,2014-07-24,69.6,66.7,1009.5,6.4,8.5,14.0,28.0,75.9,64.4,0.04,999.9,1,539
5,25,2014,7,2014-07-25,67.4,60.8,1013.4,10.0,5.9,8.9,999.9,77.0,61.0,0.0,999.9,0,653
6,26,2014,7,2014-07-26,66.9,63.2,1015.8,9.8,6.9,9.9,999.9,75.0,61.0,0.0,999.9,0,534
7,27,2014,7,2014-07-27,68.6,65.2,1011.4,9.9,7.6,14.0,999.9,73.9,62.1,0.01,999.9,0,476
1,28,2014,7,2014-07-28,69.4,66.9,1003.0,4.8,10.0,17.1,26.0,73.9,64.9,0.01,999.9,1,595
2,29,2014,7,2014-07-29,68.9,62.8,1007.7,9.6,10.5,15.9,999.9,73.9,64.9,0.12,999.9,0,526
3,30,2014,7,2014-07-30,67.3,60.6,1015.5,9.3,5.5,11.1,999.9,75.0,59.0,0.0,999.9,0,605
4,31,2014,7,2014-07-31,67.7,62.9,1019.8,9.6,6.3,11.1,999.9,75.0,59.0,0.01,999.9,0,626
5,1,2014,8,2014-08-01,67.5,62.9,1023.5,9.0,5.3,8.9,999.9,73.9,59.0,0.01,999.9,0,667
6,2,2014,8,2014-08-02,64.3,60.0,1022.8,8.8,6.5,15.0,19.0,73.9,59.0,0.56,999.9,0,540
7,3,2014,8,2014-08-03,66.4,64.6,1019.1,6.0,5.1,9.9,999.9,70.0,61.0,0.6,999.9,1,476
1,4,2014,8,2014-08-04,68.2,65.5,1017.7,6.0,5.2,12.0,999.9,73.0,64.0,0.04,999.9,1,589
2,5,2014,8,2014-08-05,69.2,67.4,1016.2,3.7,6.6,11.1,999.9,75.9,64.9,0.0,999.9,1,606
3,6,2014,8,2014-08-06,70.1,65.7,1010.1,4.4,4.3,8.9,999.9,78.1,66.0,0.01,999.9,1,562
4,7,2014,8,2014-08-07,69.3,60.6,1011.1,9.2,6.3,15.0,21.0,77.0,60.1,0.0,999.9,0,585
5,8,2014,8,2014-08-08,66.3,57.6,1014.9,10.0,7.4,14.0,999.9,77.0,59.0,0.19,999.9,0,601
6,9,2014,8,2014-08-09,70.4,61.3,1017.2,9.9,6.4,8.9,999.9,78.1,60.1,0.0,999.9,0,538
7,10,2014,8,2014-08-10,69.1,61.4,1019.2,9.8,4.6,8.0,999.9,81.0,57.9,0.01,999.9,0,512
1,11,2014,8,2014-08-11,66.3,59.2,1021.1,7.8,3.6,8.9,999.9,81.0,57.0,0.01,999.9,1,604
2,12,2014,8,2014-08-12,67.2,62.2,1020.2,10.0,7.8,12.0,999.9,75.0,57.0,0.01,999.9,0,491
3,13,2014,8,2014-08-13,66.6,63.5,1013.0,8.4,15.5,22.0,28.0,75.0,60.1,0.39,999.9,0,572
4,14,2014,8,2014-08-14,67.8,60.8,1008.1,9.1,9.7,15.0,15.9,72.0,63.0,0.02,999.9,0,625
5,15,2014,8,2014-08-15,66.8,59.2,1012.2,10.0,8.8,15.0,20.0,72.0,61.0,0.01,999.9,0,522
6,16,2014,8,2014-08-16,66.3,58.8,1015.3,9.7,8.2,12.0,999.9,73.0,59.0,0.0,999.9,0,490
7,17,2014,8,2014-08-17,68.3,64.7,1011.1,8.3,6.8,12.0,17.1,73.9,59.0,0.06,999.9,1,476
1,18,2014,8,2014-08-18,67.9,57.7,1009.6,9.8,7.8,13.0,20.0,73.9,61.0,0.0,999.9,0,595
2,19,2014,8,2014-08-19,63.9,56.9,1012.6,8.8,4.1,8.0,999.9,73.9,54.0,0.01,999.9,1,516
3,20,2014,8,2014-08-20,63.8,55.9,1015.5,9.9,6.0,12.0,999.9,73.0,52.0,0.01,999.9,0,551
4,21,2014,8,2014-08-21,67.1,60.6,1017.5,10.0,7.7,12.0,999.9,73.0,52.0,0.01,999.9,0,567
5,22,2014,8,2014-08-22,63.9,60.0,1017.7,7.9,7.9,13.0,19.0,73.0,57.9,0.01,999.9,1,568
6,23,2014,8,2014-08-23,65.6,60.1,1017.9,9.8,10.8,18.1,22.9,73.0,57.9,0.02,999.9,0,454
7,24,2014,8,2014-08-24,63.9,56.8,1019.4,10.0,9.0,15.9,22.0,73.0,55.0,0.01,999.9,0,437
1,25,2014,8,2014-08-25,63.3,56.5,1020.5,10.0,3.8,8.0,999.9,72.0,54.0,0.0,999.9,0,549
2,26,2014,8,2014-08-26,63.0,56.0,1021.1,10.0,3.5,8.9,999.9,72.0,53.1,0.0,999.9,0,608
3,27,2014,8,2014-08-27,67.5,64.7,1016.3,6.5,7.3,12.0,999.9,75.0,53.1,0.02,999.9,1,538
4,28,2014,8,2014-08-28,71.0,62.4,1009.4,6.8,8.8,19.0,27.0,78.1,59.0,0.01,999.9,1,618
5,29,2014,8,2014-08-29,67.2,53.4,1018.9,10.0,10.8,18.1,22.0,78.1,59.0,0.03,999.9,0,631
6,30,2014,8,2014-08-30,60.1,51.2,1025.5,10.0,6.3,9.9,999.9,71.1,46.0,0.0,999.9,0,510
7,31,2014,8,2014-08-31,69.1,65.6,1020.7,9.4,9.0,13.0,18.1,73.9,64.0,0.0,999.9,0,495
1,1,2014,9,2014-09-01,71.5,69.2,1015.6,6.8,9.3,19.0,25.1,77.0,66.0,0.14,999.9,0,392
2,2,2014,9,2014-09-02,71.1,69.4,1013.1,1.7,6.8,9.9,999.9,77.0,68.0,0.01,999.9,1,700
3,3,2014,9,2014-09-03,74.0,65.1,1012.3,8.1,9.7,14.0,22.0,82.0,66.9,0.0,999.9,1,580
4,4,2014,9,2014-09-04,69.4,60.8,1020.5,9.9,5.2,12.0,999.9,82.0,59.0,0.0,999.9,0,727
5,5,2014,9,2014-09-05,70.3,67.2,1021.3,8.7,7.5,13.0,999.9,78.1,59.0,0.01,999.9,1,647
6,6,2014,9,2014-09-06,72.0,69.9,1014.3,6.9,10.7,15.0,18.1,77.0,64.9,0.01,999.9,1,553
7,7,2014,9,2014-09-07,70.1,62.9,1015.8,9.0,11.0,20.0,24.1,77.0,62.1,0.0,999.9,0,477
1,8,2014,9,2014-09-08,63.6,55.3,1025.3,10.0,7.8,15.9,21.0,75.0,55.9,0.01,999.9,0,598
2,9,2014,9,2014-09-09,64.6,56.5,1025.0,10.0,10.9,15.0,22.9,73.0,55.9,0.0,999.9,0,592
3,10,2014,9,2014-09-10,66.2,61.2,1019.1,10.0,11.3,17.1,22.0,73.0,60.1,0.0,999.9,0,618
4,11,2014,9,2014-09-11,64.4,60.3,1014.8,9.7,6.4,13.0,999.9,73.0,54.0,0.0,999.9,0,619
5,12,2014,9,2014-09-12,67.1,58.8,1016.6,9.7,11.4,18.1,22.0,73.0,54.0,0.0,999.9,0,730
6,13,2014,9,2014-09-13,59.9,53.2,1022.2,9.6,7.6,15.0,21.0,70.0,52.0,0.0,999.9,0,558
7,14,2014,9,2014-09-14,62.2,54.3,1020.7,10.0,9.6,17.1,24.1,68.0,52.0,0.04,999.9,0,528
1,15,2014,9,2014-09-15,57.5,47.6,1022.0,10.0,3.6,8.0,999.9,66.0,46.9,0.0,999.9,0,610
2,16,2014,9,2014-09-16,61.2,50.8,1017.0,10.0,6.5,9.9,999.9,66.9,46.9,0.0,999.9,0,613
3,17,2014,9,2014-09-17,61.9,54.4,1015.5,9.8,4.6,13.0,999.9,70.0,51.1,0.0,999.9,0,658
4,18,2014,9,2014-09-18,61.1,47.4,1014.7,10.0,5.0,11.1,15.0,72.0,48.0,0.0,999.9,0,650
5,19,2014,9,2014-09-19,57.2,42.7,1024.1,10.0,12.5,19.0,26.0,72.0,46.0,0.0,999.9,0,648
6,20,2014,9,2014-09-20,57.0,47.3,1027.2,10.0,7.7,12.0,999.9,68.0,44.1,0.0,999.9,0,594
7,21,2014,9,2014-09-21,66.1,63.2,1015.7,8.1,8.1,13.0,17.1,71.6,62.1,0.0,999.9,0,515
1,22,2014,9,2014-09-22,67.9,61.5,1007.0,8.2,12.3,22.9,27.0,72.0,61.0,0.11,999.9,1,662
2,23,2014,9,2014-09-23,59.0,42.3,1022.8,10.0,9.3,15.9,22.9,72.0,53.1,0.01,999.9,0,592
3,24,2014,9,2014-09-24,58.9,51.3,1033.3,10.0,6.7,15.0,21.0,68.0,48.9,0.0,999.9,0,566
4,25,2014,9,2014-09-25,59.7,55.3,1031.0,8.6,8.9,15.0,21.0,68.0,48.9,0.0,999.9,0,491
5,26,2014,9,2014-09-26,63.1,59.1,1020.5,7.9,15.8,20.0,27.0,69.1,57.9,1.99,999.9,0,643
6,27,2014,9,2014-09-27,63.5,55.3,1020.7,9.9,6.2,9.9,999.9,75.9,53.1,0.01,999.9,0,600
7,28,2014,9,2014-09-28,63.3,58.5,1020.5,9.9,4.4,9.9,999.9,75.9,53.1,0.0,999.9,0,512
1,29,2014,9,2014-09-29,65.9,63.2,1015.5,9.2,6.7,11.1,999.9,73.0,53.1,0.02,999.9,0,566
2,30,2014,9,2014-09-30,63.3,61.3,1014.7,6.7,7.0,18.1,999.9,72.0,62.1,0.02,999.9,0,589
3,1,2014,10,2014-10-01,62.4,60.6,1014.5,7.1,13.2,15.9,20.0,63.0,60.8,0.24,999.9,0,559
4,2,2014,10,2014-10-02,59.9,56.3,1016.6,9.4,17.6,22.0,28.9,61.0,57.2,1.08,999.9,0,558
5,3,2014,10,2014-10-03,58.5,54.0,1016.5,9.2,13.1,18.1,24.1,61.0,57.0,0.01,999.9,0,719
6,4,2014,10,2014-10-04,59.4,57.3,1007.1,6.8,5.7,11.1,22.0,64.0,57.0,0.02,999.9,1,531
7,5,2014,10,2014-10-05,59.6,50.4,1006.5,9.6,11.0,17.1,25.1,64.9,51.1,0.08,999.9,0,505
1,6,2014,10,2014-10-06,55.7,42.6,1018.6,10.0,6.9,13.0,999.9,64.0,45.0,0.0,999.9,0,639
2,7,2014,10,2014-10-07,63.0,57.0,1021.1,10.0,11.5,14.0,19.0,69.1,45.0,0.0,999.9,0,620
3,8,2014,10,2014-10-08,65.2,60.4,1012.5,9.4,12.3,31.1,44.1,70.0,60.1,0.07,999.9,1,639
4,9,2014,10,2014-10-09,60.8,45.9,1013.8,9.7,12.6,21.0,26.0,70.0,48.9,0.39,999.9,0,499
5,10,2014,10,2014-10-10,59.0,44.0,1017.8,10.0,8.9,15.9,17.1,66.0,48.9,0.0,999.9,0,541
6,11,2014,10,2014-10-11,52.9,48.1,1019.0,8.1,8.1,17.1,20.0,62.1,50.0,0.15,999.9,0,546
7,12,2014,10,2014-10-12,53.3,43.7,1022.4,10.0,9.2,14.0,21.0,59.0,44.1,0.78,999.9,0,473
1,13,2014,10,2014-10-13,50.9,43.2,1027.7,10.0,4.2,9.9,999.9,62.1,39.0,0.0,999.9,0,451
2,14,2014,10,2014-10-14,63.2,58.4,1025.4,10.0,8.2,9.9,999.9,66.9,59.0,0.0,999.9,0,697
3,15,2014,10,2014-10-15,64.9,62.1,1021.0,9.9,9.5,12.0,999.9,70.0,61.0,0.01,999.9,0,575
4,16,2014,10,2014-10-16,65.0,63.4,1013.5,6.6,12.0,17.1,27.0,68.0,62.6,0.05,999.9,0,602
5,17,2014,10,2014-10-17,63.2,59.7,1006.5,7.9,9.7,17.1,19.0,70.0,60.1,1.04,999.9,0,648
6,18,2014,10,2014-10-18,62.7,58.8,1003.7,9.0,7.5,12.0,999.9,68.0,59.0,0.02,999.9,0,494
7,19,2014,10,2014-10-19,56.0,45.2,1005.8,10.0,10.7,20.0,24.1,68.0,51.1,0.01,999.9,0,483
1,20,2014,10,2014-10-20,49.0,32.4,1016.2,10.0,11.8,18.1,27.0,59.0,41.0,0.0,999.9,0,591
2,21,2014,10,2014-10-21,57.7,52.3,1015.5,9.3,10.5,15.9,21.0,60.8,53.1,0.0,999.9,0,607
3,22,2014,10,2014-10-22,57.0,55.4,1010.3,6.1,12.8,21.0,28.9,60.8,51.8,0.23,999.9,0,708
4,23,2014,10,2014-10-23,59.5,57.0,1000.4,8.7,10.7,18.1,25.1,64.0,51.1,0.1,999.9,0,639
5,24,2014,10,2014-10-24,54.3,51.1,1003.1,7.6,15.7,21.0,29.9,64.0,51.1,0.16,999.9,0,669
6,25,2014,10,2014-10-25,54.7,45.9,1006.0,10.0,10.7,19.0,22.9,62.1,45.0,0.0,999.9,0,515
7,26,2014,10,2014-10-26,57.6,45.4,999.7,10.0,13.1,18.1,28.9,62.1,45.0,0.04,999.9,0,515
1,27,2014,10,2014-10-27,54.1,40.5,1010.0,10.0,12.0,17.1,24.1,61.0,48.9,0.0,999.9,0,642
2,28,2014,10,2014-10-28,54.3,48.0,1017.5,9.9,6.1,9.9,999.9,64.9,39.9,0.0,999.9,0,571
3,29,2014,10,2014-10-29,61.9,59.0,1013.1,8.0,9.8,14.0,999.9,66.0,57.9,0.0,999.9,0,556
4,30,2014,10,2014-10-30,56.1,45.0,1012.9,9.4,8.9,15.9,22.9,66.0,51.1,0.0,999.9,0,626
5,31,2014,10,2014-10-31,51.3,43.6,1014.8,10.0,7.9,15.0,21.0,61.0,42.1,0.0,999.9,0,668
6,1,2014,11,2014-11-01,53.0,46.9,1009.0,8.8,18.8,28.9,41.0,57.9,42.1,0.08,999.9,0,656
7,2,2014,11,2014-11-02,43.5,38.4,1001.3,6.3,32.8,39.0,55.0,55.0,37.0,1.15,999.9,0,532
1,3,2014,11,2014-11-03,44.6,20.6,1012.6,10.0,18.9,25.1,35.9,52.0,37.0,0.66,999.9,0,625
2,4,2014,11,2014-11-04,52.7,37.7,1019.4,10.0,6.9,15.0,22.0,61.0,37.9,0.0,999.9,0,538
3,5,2014,11,2014-11-05,57.7,52.4,1018.3,9.3,11.1,15.0,999.9,62.1,54.0,0.0,999.9,0,554
4,6,2014,11,2014-11-06,53.6,48.7,1015.8,9.4,5.6,15.0,21.0,63.0,50.0,0.02,999.9,0,652
5,7,2014,11,2014-11-07,52.5,46.7,999.0,7.9,11.7,21.0,29.9,59.0,46.0,0.85,999.9,0,641
6,8,2014,11,2014-11-08,43.9,29.7,1012.0,10.0,13.9,20.0,32.1,55.0,37.0,0.03,999.9,0,543
7,9,2014,11,2014-11-09,53.2,42.7,1014.0,10.0,9.1,17.1,24.1,59.0,37.0,0.0,999.9,0,419
1,10,2014,11,2014-11-10,48.2,42.2,1019.2,9.6,4.0,7.0,999.9,59.0,39.0,0.0,999.9,0,560
2,11,2014,11,2014-11-11,51.0,47.2,1020.7,9.5,8.2,12.0,999.9,59.0,39.0,0.0,999.9,1,493
3,12,2014,11,2014-11-12,56.5,53.5,1012.9,6.0,5.2,11.1,999.9,68.0,45.0,0.0,999.9,1,546
4,13,2014,11,2014-11-13,49.8,41.1,1015.5,8.6,8.4,999.9,999.9,68.0,45.0,0.0,999.9,1,696
5,14,2014,11,2014-11-14,43.7,34.9,1012.3,9.7,11.1,18.1,25.1,53.1,39.9,0.22,999.9,0,654
6,15,2014,11,2014-11-15,37.0,20.6,1021.7,10.0,10.7,15.9,21.0,48.0,32.0,0.05,999.9,0,529
7,16,2014,11,2014-11-16,38.1,26.0,1027.1,10.0,5.6,15.9,22.0,50.0,23.0,0.0,999.9,0,429
1,17,2014,11,2014-11-17,52.1,48.9,1014.6,6.5,9.5,24.1,35.0,61.0,45.0,0.09,999.9,0,666
2,18,2014,11,2014-11-18,48.9,39.6,1004.5,7.8,17.1,26.0,38.1,63.0,34.0,2.91,999.9,0,712
3,19,2014,11,2014-11-19,33.6,14.6,1018.3,10.0,14.4,19.0,25.1,39.0,30.0,0.02,999.9,0,633
4,20,2014,11,2014-11-20,45.7,32.6,1014.0,9.8,16.1,22.9,31.1,53.1,28.9,0.03,999.9,0,635
5,21,2014,11,2014-11-21,36.8,15.4,1017.4,10.0,15.8,22.0,35.9,53.1,32.0,0.0,999.9,0,677
6,22,2014,11,2014-11-22,37.1,19.7,1028.3,10.0,15.9,28.0,34.0,48.0,28.0,0.0,999.9,0,512
7,23,2014,11,2014-11-23,52.6,41.5,1021.4,8.9,18.3,26.0,35.0,57.9,48.0,0.0,999.9,0,425
1,24,2014,11,2014-11-24,54.8,52.5,1014.5,4.5,15.5,27.0,34.0,61.0,46.9,0.0,999.9,0,722
2,25,2014,11,2014-11-25,56.7,53.5,1014.0,3.6,11.2,19.0,26.0,61.0,50.0,0.26,999.9,1,599
3,26,2014,11,2014-11-26,48.0,41.1,1018.0,6.7,11.9,32.1,46.0,59.0,44.1,0.01,999.9,0,742
4,27,2014,11,2014-11-27,41.8,36.7,1008.0,8.6,13.8,27.0,39.0,48.2,37.4,1.86,999.9,0,378
5,28,2014,11,2014-11-28,37.0,30.9,1015.6,9.3,12.6,22.0,29.9,46.0,34.0,0.05,999.9,0,444
6,29,2014,11,2014-11-29,30.9,16.8,1025.3,10.0,6.6,14.0,999.9,39.0,25.0,0.0,999.9,0,394
7,30,2014,11,2014-11-30,46.1,38.6,1024.0,9.9,9.8,15.0,999.9,55.9,24.1,0.0,999.9,0,377
1,1,2014,12,2014-12-01,53.2,49.0,1019.8,7.4,9.8,14.0,999.9,57.0,39.9,0.0,999.9,0,644
2,2,2014,12,2014-12-02,42.5,32.4,1033.2,9.9,14.9,19.0,27.0,57.0,39.0,0.09,999.9,0,611
3,3,2014,12,2014-12-03,51.2,48.4,1022.8,6.1,14.5,20.0,26.0,55.0,39.0,0.22,999.9,0,569
4,4,2014,12,2014-12-04,43.1,28.0,1025.4,9.9,11.5,22.0,31.1,55.0,37.0,0.01,999.9,0,606
5,5,2014,12,2014-12-05,39.3,27.7,1034.8,9.8,9.3,14.0,22.9,46.0,32.0,0.0,999.9,0,673
6,6,2014,12,2014-12-06,48.9,45.2,1026.7,6.8,9.8,18.1,25.1,54.0,32.0,0.13,999.9,0,628
7,7,2014,12,2014-12-07,41.9,34.0,1027.0,8.0,25.0,35.0,46.0,54.0,35.1,1.96,999.9,0,493
1,8,2014,12,2014-12-08,35.4,24.7,1035.8,10.0,19.6,29.9,39.0,45.0,32.0,0.67,999.9,0,579
2,9,2014,12,2014-12-09,48.7,45.1,1019.3,5.8,19.6,28.0,41.0,57.0,32.0,0.03,999.9,0,645
3,10,2014,12,2014-12-10,47.9,44.8,999.6,8.4,8.6,15.9,999.9,57.0,44.1,2.11,999.9,0,649
4,11,2014,12,2014-12-11,40.8,33.7,1003.0,9.5,19.3,26.0,33.0,48.9,37.9,0.05,999.9,0,669
5,12,2014,12,2014-12-12,37.0,27.8,1010.7,10.0,8.2,14.0,19.0,42.1,33.1,0.04,999.9,0,687
6,13,2014,12,2014-12-13,36.9,27.7,1009.8,9.9,9.8,14.0,20.0,39.9,33.1,0.0,999.9,0,594
7,14,2014,12,2014-12-14,39.0,30.1,1008.6,10.0,10.9,15.9,999.9,42.8,36.0,0.0,999.9,0,439
1,15,2014,12,2014-12-15,37.8,31.6,1014.5,9.9,5.8,11.1,999.9,44.6,32.0,0.0,999.9,0,720
2,16,2014,12,2014-12-16,44.0,37.0,1019.7,9.6,4.2,8.0,999.9,48.0,33.1,0.0,999.9,0,645
3,17,2014,12,2014-12-17,48.6,45.7,1009.7,8.0,8.8,15.0,22.9,52.0,41.0,0.1,999.9,1,555
4,18,2014,12,2014-12-18,42.4,32.2,1008.0,10.0,14.1,19.0,28.9,52.0,39.0,0.0,999.9,0,621
5,19,2014,12,2014-12-19,37.3,26.2,1012.9,10.0,9.6,15.9,999.9,46.0,34.0,0.0,999.9,0,652
6,20,2014,12,2014-12-20,38.2,30.8,1020.7,10.0,8.3,12.0,15.9,43.0,34.0,0.0,999.9,0,505
7,21,2014,12,2014-12-21,41.4,34.0,1024.2,9.8,7.1,9.9,999.9,46.0,36.0,0.06,999.9,0,409
1,22,2014,12,2014-12-22,42.9,37.4,1026.3,9.7,7.5,15.0,20.0,48.9,37.0,0.0,999.9,0,566
2,23,2014,12,2014-12-23,47.4,44.2,1022.0,6.6,11.1,15.0,22.0,51.1,37.0,0.03,999.9,0,732
3,24,2014,12,2014-12-24,50.7,49.2,1015.7,2.1,10.2,18.1,24.1,55.9,45.0,0.55,999.9,1,519
4,25,2014,12,2014-12-25,53.1,49.3,1005.9,4.1,15.1,21.0,27.0,57.9,46.9,0.88,999.9,1,303
5,26,2014,12,2014-12-26,44.8,33.5,1018.9,10.0,10.4,15.9,21.0,57.9,39.0,0.2,999.9,0,446
6,27,2014,12,2014-12-27,43.7,36.4,1021.8,10.0,7.4,11.1,999.9,51.1,37.9,0.0,999.9,0,406
7,28,2014,12,2014-12-28,47.0,43.2,1014.0,9.5,10.7,15.9,22.0,51.1,37.9,0.01,999.9,0,349
1,29,2014,12,2014-12-29,41.2,27.8,1017.9,9.9,8.4,12.0,18.1,51.1,36.0,0.01,999.9,0,411
2,30,2014,12,2014-12-30,32.1,15.4,1024.3,10.0,11.9,15.9,25.1,44.1,27.0,0.0,999.9,0,469
3,31,2014,12,2014-12-31,26.9,8.3,1025.3,9.9,7.5,12.0,999.9,37.0,21.9,0.0,999.9,0,461
4,1,2015,1,2015-01-01,31.8,15.1,1018.6,9.9,13.6,24.1,33.0,39.9,21.9,0.0,999.9,0,395
5,2,2015,1,2015-01-02,40.4,21.5,1018.3,10.0,13.1,19.0,31.1,45.0,28.0,0.0,999.9,0,442
6,3,2015,1,2015-01-03,34.5,19.8,1033.9,9.5,11.1,17.1,26.0,45.0,30.0,0.0,999.9,0,456
7,4,2015,1,2015-01-04,48.6,46.9,1015.4,1.9,15.5,22.9,28.9,54.0,30.0,0.21,999.9,1,381
1,5,2015,1,2015-01-05,44.0,32.1,1012.9,7.6,16.3,28.9,39.0,55.0,28.9,0.27,999.9,0,498
2,6,2015,1,2015-01-06,20.8,5.2,1025.2,8.8,10.3,21.0,31.1,28.0,19.0,0.0,999.9,0,777
3,7,2015,1,2015-01-07,22.6,10.2,1011.8,9.4,12.1,26.0,35.9,27.0,17.1,0.0,999.9,0,538
4,8,2015,1,2015-01-08,13.1,-2.4,1022.7,9.9,14.8,21.0,29.9,27.0,6.1,0.0,999.9,0,573
5,9,2015,1,2015-01-09,35.2,22.5,1018.1,9.5,21.0,38.1,49.0,46.0,26.1,0.0,999.9,0,751
6,10,2015,1,2015-01-10,26.9,10.0,1025.0,10.0,10.2,17.1,22.0,30.0,21.9,0.0,999.9,0,481
7,11,2015,1,2015-01-11,27.1,12.1,1035.5,10.0,8.8,13.0,17.1,37.0,19.9,0.0,999.9,0,341
1,12,2015,1,2015-01-12,40.9,35.6,1028.3,7.7,6.3,14.0,29.9,52.0,21.0,0.0,999.9,1,580
2,13,2015,1,2015-01-13,32.6,25.6,1028.5,8.4,16.3,22.9,28.9,52.0,26.1,0.82,999.9,0,613
3,14,2015,1,2015-01-14,32.1,24.0,1031.2,8.0,9.6,13.0,22.9,37.0,26.1,0.15,999.9,0,506
4,15,2015,1,2015-01-15,35.8,33.6,1015.5,2.8,14.1,17.1,24.1,37.9,28.0,0.03,999.9,0,548
5,16,2015,1,2015-01-16,34.5,23.4,1008.6,10.0,14.9,25.1,34.0,39.9,28.9,0.02,999.9,0,563
6,17,2015,1,2015-01-17,20.2,1.9,1023.6,10.0,13.3,21.0,31.1,39.9,15.1,0.0,999.9,0,495
7,18,2015,1,2015-01-18,40.0,32.8,1021.4,9.2,13.4,25.1,31.1,50.0,14.0,0.0,999.9,0,961
1,19,2015,1,2015-01-19,41.7,36.0,1005.0,8.2,13.5,25.1,46.0,50.0,30.9,0.26,999.9,0,496
2,20,2015,1,2015-01-20,35.7,23.4,1009.5,10.0,13.1,20.0,26.0,44.1,33.1,0.03,999.9,0,500
3,21,2015,1,2015-01-21,32.3,17.7,1018.1,10.0,7.9,13.0,999.9,39.0,25.0,0.0,999.9,0,495
4,22,2015,1,2015-01-22,35.5,30.5,1021.0,8.4,8.4,12.0,999.9,39.0,25.0,0.13,999.9,0,508
5,23,2015,1,2015-01-23,31.6,20.4,1022.8,10.0,10.4,15.9,999.9,39.0,27.0,0.09,999.9,0,598
6,24,2015,1,2015-01-24,38.5,34.8,1003.3,6.7,12.4,25.1,33.0,45.0,27.0,0.23,999.9,0,428
7,25,2015,1,2015-01-25,36.5,26.7,1000.4,9.4,16.0,22.0,32.1,45.0,33.1,0.9,999.9,0,406
1,26,2015,1,2015-01-26,31.2,20.9,1015.7,6.7,12.7,24.1,31.1,43.0,26.1,0.0,999.9,0,484
2,27,2015,1,2015-01-27,30.2,27.9,993.7,0.6,39.3,48.0,62.9,33.8,21.0,0.4,999.9,1,188
3,28,2015,1,2015-01-28,21.6,14.7,1009.6,6.6,16.6,29.9,44.1,26.1,19.0,0.23,999.9,0,458
4,29,2015,1,2015-01-29,29.2,20.9,1022.9,10.0,8.5,13.0,20.0,36.0,19.0,0.0,999.9,0,519
5,30,2015,1,2015-01-30,35.1,31.1,1012.2,8.4,8.1,15.0,999.9,41.0,23.0,0.0,999.9,0,622
6,31,2015,1,2015-01-31,24.5,12.9,1006.9,7.8,20.3,27.0,36.9,34.0,17.1,0.06,999.9,0,526
7,1,2015,2,2015-02-01,24.8,10.2,1018.4,10.0,16.8,25.1,32.1,32.0,17.1,0.0,999.9,0,361
1,2,2015,2,2015-02-02,33.1,27.4,1014.4,5.7,12.8,27.0,36.9,46.0,19.9,0.0,999.9,1,680
2,3,2015,2,2015-02-03,21.0,11.7,1016.9,9.3,17.6,33.0,42.9,46.0,14.0,0.86,999.9,0,740
3,4,2015,2,2015-02-04,28.1,18.4,1024.9,10.0,7.6,12.0,999.9,39.9,14.0,0.0,999.9,0,585
4,5,2015,2,2015-02-05,34.1,28.9,1012.6,7.2,12.9,28.9,40.0,39.9,15.1,0.0,999.9,1,569
5,6,2015,2,2015-02-06,16.8,5.0,1018.5,9.8,15.8,26.0,38.1,39.9,10.9,0.01,999.9,0,652
6,7,2015,2,2015-02-07,27.4,16.0,1019.2,9.5,10.3,15.9,999.9,33.1,10.9,0.0,999.9,0,449
7,8,2015,2,2015-02-08,34.5,29.9,1015.9,7.6,6.0,9.9,999.9,37.9,21.9,0.0,999.9,0,394
1,9,2015,2,2015-02-09,37.1,34.3,1014.1,6.3,14.9,20.0,28.0,37.9,30.9,0.04,999.9,0,547
2,10,2015,2,2015-02-10,36.4,32.9,1013.9,7.4,21.1,27.0,34.0,37.9,35.1,0.07,999.9,0,571
3,11,2015,2,2015-02-11,32.6,23.3,1014.0,9.9,23.9,29.9,40.0,37.0,30.9,0.01,999.9,0,610
4,12,2015,2,2015-02-12,31.0,23.6,1009.5,8.9,9.5,14.0,999.9,35.1,27.0,0.0,999.9,0,526
5,13,2015,2,2015-02-13,21.8,11.0,1010.9,8.1,16.2,24.1,33.0,35.1,14.0,0.04,999.9,0,757
6,14,2015,2,2015-02-14,20.6,8.9,1016.8,8.6,8.4,21.0,999.9,33.1,8.1,0.0,999.9,1,436
7,15,2015,2,2015-02-15,25.7,21.0,996.7,4.6,19.6,41.0,55.9,34.0,8.1,0.04,999.9,1,454
1,16,2015,2,2015-02-16,10.7,-4.6,1010.9,8.6,22.7,29.9,42.9,32.0,1.9,0.0,999.9,0,402
2,17,2015,2,2015-02-17,21.7,11.8,1014.9,6.5,7.7,15.9,22.0,28.9,17.1,0.0,999.9,0,620
3,18,2015,2,2015-02-18,30.6,24.5,1010.4,10.0,8.8,13.0,999.9,36.0,16.0,0.0,999.9,0,626
4,19,2015,2,2015-02-19,27.0,19.7,1003.6,6.9,11.0,25.1,32.1,36.0,19.9,0.0,999.9,0,515
5,20,2015,2,2015-02-20,14.1,-0.8,1013.5,9.5,18.8,24.1,32.1,19.0,8.6,0.01,999.9,0,621
6,21,2015,2,2015-02-21,21.9,10.6,1031.6,10.0,8.5,15.9,999.9,37.0,3.9,0.0,999.9,0,517
7,22,2015,2,2015-02-22,36.0,34.0,1021.6,2.6,7.7,22.0,28.0,41.0,33.1,0.82,999.9,1,519
1,23,2015,2,2015-02-23,29.4,19.6,1020.2,6.0,8.9,18.1,25.1,41.0,21.0,0.25,999.9,1,574
2,24,2015,2,2015-02-24,14.3,0.2,1024.1,10.0,11.9,20.0,26.0,33.1,8.1,0.0,999.9,0,580
3,25,2015,2,2015-02-25,29.9,21.8,1009.4,7.9,12.4,20.0,27.0,33.8,23.0,0.02,999.9,0,628
4,26,2015,2,2015-02-26,28.0,19.6,1014.9,7.5,12.0,25.1,31.1,33.1,25.0,0.0,999.9,1,539
5,27,2015,2,2015-02-27,24.2,12.2,1023.7,10.0,9.3,15.9,999.9,30.9,19.9,0.0,999.9,0,703
6,28,2015,2,2015-02-28,22.2,9.9,1037.3,10.0,7.2,11.1,15.0,28.0,16.0,0.0,999.9,0,538
7,1,2015,3,2015-03-01,23.1,14.2,1037.5,9.1,5.1,8.9,999.9,30.9,10.0,0.0,999.9,0,693
1,2,2015,3,2015-03-02,33.4,27.2,1016.1,6.8,10.9,20.0,28.0,36.0,30.2,0.36,999.9,0,650
2,3,2015,3,2015-03-03,27.0,10.3,1026.1,10.0,10.8,15.9,21.0,36.0,23.0,0.12,999.9,0,631
3,4,2015,3,2015-03-04,36.1,33.8,1009.2,3.1,14.8,20.0,28.0,41.0,23.0,0.31,999.9,1,574
4,5,2015,3,2015-03-05,32.7,30.2,1014.8,1.6,10.0,15.9,25.1,41.0,24.1,0.31,999.9,1,830
5,6,2015,3,2015-03-06,22.7,12.6,1028.3,8.3,11.7,19.0,26.0,37.0,16.0,0.01,999.9,0,939
6,7,2015,3,2015-03-07,25.0,15.9,1023.3,9.9,10.9,21.0,28.9,33.1,12.0,0.0,999.9,0,578
7,8,2015,3,2015-03-08,33.8,28.0,1016.9,9.2,8.0,17.1,27.0,39.0,14.0,0.0,999.9,0,464
1,9,2015,3,2015-03-09,35.6,26.1,1020.1,9.6,9.5,20.0,25.1,44.1,24.1,0.0,999.9,0,661
2,10,2015,3,2015-03-10,36.5,30.3,1025.5,9.9,6.0,13.0,999.9,44.1,24.1,0.0,999.9,0,584
3,11,2015,3,2015-03-11,42.1,38.5,1012.8,5.0,12.3,19.0,25.1,48.0,28.0,0.55,999.9,1,565
4,12,2015,3,2015-03-12,38.1,21.9,1020.9,10.0,14.1,22.9,31.1,48.0,33.1,0.25,999.9,0,586
5,13,2015,3,2015-03-13,31.1,11.6,1034.5,10.0,12.3,20.0,26.0,41.0,26.1,0.0,999.9,0,609
6,14,2015,3,2015-03-14,38.7,33.3,1025.1,5.8,10.8,21.0,28.0,46.0,26.1,0.0,999.9,1,507
7,15,2015,3,2015-03-15,38.5,33.8,1002.5,7.0,12.3,21.0,28.9,46.0,30.9,1.16,999.9,0,459
1,16,2015,3,2015-03-16,32.9,18.5,1011.1,9.0,17.1,27.0,39.0,43.0,28.0,0.01,999.9,0,529
2,17,2015,3,2015-03-17,38.6,34.1,1003.7,7.9,10.1,27.0,39.0,46.9,28.0,0.01,999.9,0,528
3,18,2015,3,2015-03-18,31.0,3.9,1009.0,10.0,21.1,29.9,44.1,46.9,28.0,0.19,999.9,0,547
4,19,2015,3,2015-03-19,27.6,-1.5,1020.8,10.0,18.3,26.0,35.0,35.1,21.9,0.0,999.9,0,582
5,20,2015,3,2015-03-20,30.3,13.2,1027.2,9.0,6.3,13.0,15.9,35.1,21.9,0.0,999.9,0,570
6,21,2015,3,2015-03-21,34.2,31.0,1016.6,7.0,8.5,13.0,999.9,41.0,21.9,0.02,999.9,0,507
7,22,2015,3,2015-03-22,35.1,18.8,1011.9,9.4,15.7,25.1,33.0,41.0,21.0,0.13,999.9,0,432
1,23,2015,3,2015-03-23,27.2,1.4,1019.5,10.0,14.9,22.0,32.1,37.9,21.0,0.0,999.9,0,586
2,24,2015,3,2015-03-24,31.4,16.3,1024.7,10.0,6.7,11.1,999.9,37.9,21.0,0.0,999.9,0,601
3,25,2015,3,2015-03-25,33.6,24.1,1028.8,9.9,6.7,11.1,999.9,44.1,24.1,0.0,999.9,0,538
4,26,2015,3,2015-03-26,42.6,39.7,1016.9,4.2,12.8,18.1,27.0,46.9,27.0,0.02,999.9,1,525
5,27,2015,3,2015-03-27,42.4,40.0,1004.3,5.1,13.1,20.0,31.1,48.9,37.9,0.44,999.9,1,532
6,28,2015,3,2015-03-28,37.4,34.5,1005.4,7.8,12.7,20.0,28.0,39.0,33.8,0.24,999.9,0,459
7,29,2015,3,2015-03-29,34.9,23.9,1019.2,9.5,10.6,18.1,22.9,39.9,28.9,0.19,999.9,0,505
1,30,2015,3,2015-03-30,36.8,28.3,1014.8,9.8,11.0,14.0,20.0,44.1,27.0,0.0,999.9,0,556
2,31,2015,3,2015-03-31,39.4,31.2,1008.0,9.8,13.6,20.0,26.0,46.0,33.1,0.0,999.9,0,628
3,1,2015,4,2015-04-01,37.9,24.8,1012.3,9.8,11.5,21.0,26.0,46.0,34.0,0.01,999.9,0,648
4,2,2015,4,2015-04-02,37.1,27.6,1022.3,9.9,7.0,15.9,999.9,46.9,24.1,0.0,999.9,0,653
5,3,2015,4,2015-04-03,45.0,41.6,1012.8,5.9,14.6,19.0,22.0,48.0,42.1,0.0,999.9,0,491
6,4,2015,4,2015-04-04,47.3,39.1,1004.1,4.8,13.7,26.0,35.0,57.0,41.0,0.27,999.9,1,507
7,5,2015,4,2015-04-05,41.6,27.3,1020.4,10.0,12.5,18.1,25.1,57.0,34.0,0.05,999.9,0,422
1,6,2015,4,2015-04-06,43.2,36.1,1026.3,9.5,6.8,13.0,999.9,51.1,32.0,0.0,999.9,1,510
2,7,2015,4,2015-04-07,44.2,40.5,1024.0,8.6,9.3,18.1,21.0,51.1,32.0,0.12,999.9,0,452
3,8,2015,4,2015-04-08,41.2,34.2,1028.3,10.0,14.8,22.0,28.0,48.0,39.0,0.06,999.9,0,457
4,9,2015,4,2015-04-09,39.4,35.5,1024.6,4.5,18.7,24.1,33.0,46.9,37.0,0.18,999.9,0,452
5,10,2015,4,2015-04-10,43.9,41.7,1015.2,3.6,9.4,21.0,27.0,53.1,37.0,0.01,999.9,1,486
6,11,2015,4,2015-04-11,47.8,40.7,1010.9,5.1,12.4,19.0,24.1,57.9,39.9,0.26,999.9,1,576
7,12,2015,4,2015-04-12,45.0,31.4,1022.8,10.0,10.1,15.9,22.9,57.9,32.0,0.0,999.9,0,443
1,13,2015,4,2015-04-13,45.0,38.2,1027.8,10.0,9.1,12.0,999.9,54.0,32.0,0.0,999.9,0,554
2,14,2015,4,2015-04-14,49.8,46.3,1021.3,8.9,10.2,20.0,29.9,54.0,37.9,0.0,999.9,0,542
3,15,2015,4,2015-04-15,50.6,35.8,1019.2,8.3,6.9,19.0,27.0,62.1,37.9,0.03,999.9,1,595
4,16,2015,4,2015-04-16,46.4,28.5,1029.7,10.0,8.6,13.0,17.1,62.1,37.9,0.0,999.9,0,560
5,17,2015,4,2015-04-17,47.5,43.2,1021.5,6.9,12.5,15.9,24.1,54.0,39.0,0.0,999.9,1,679
6,18,2015,4,2015-04-18,51.9,45.2,1012.7,7.3,7.7,14.0,999.9,64.0,41.0,0.12,999.9,1,605
7,19,2015,4,2015-04-19,46.3,37.4,1022.0,9.9,11.0,20.0,27.0,64.0,39.9,0.0,999.9,0,471
1,20,2015,4,2015-04-20,45.2,40.7,1019.6,8.5,16.2,28.9,38.1,52.0,39.9,0.0,999.9,0,630
2,21,2015,4,2015-04-21,51.5,48.6,1004.0,3.6,14.3,26.0,35.0,55.9,39.9,0.32,999.9,1,645
3,22,2015,4,2015-04-22,49.8,39.7,1007.9,10.0,8.6,15.9,22.0,57.0,37.9,0.05,999.9,0,568
4,23,2015,4,2015-04-23,46.9,37.6,1003.6,9.8,13.4,22.0,28.9,57.0,37.9,0.13,999.9,0,612
5,24,2015,4,2015-04-24,44.0,27.7,1006.0,10.0,14.6,21.0,28.0,51.1,37.9,0.0,999.9,0,676
6,25,2015,4,2015-04-25,43.7,27.5,1007.6,9.9,12.9,19.0,22.9,51.1,37.0,0.0,999.9,0,592
7,26,2015,4,2015-04-26,46.1,34.0,1004.6,9.8,7.4,11.1,999.9,54.0,37.0,0.0,999.9,0,477
1,27,2015,4,2015-04-27,49.0,37.9,1001.5,10.0,8.9,15.0,21.0,57.0,39.0,0.0,999.9,0,558
2,28,2015,4,2015-04-28,46.0,35.9,1004.1,9.8,15.7,26.0,33.0,57.0,41.0,0.02,999.9,0,613
3,29,2015,4,2015-04-29,49.3,38.5,1004.5,9.8,7.8,14.0,18.1,55.9,39.9,0.0,999.9,0,679
4,30,2015,4,2015-04-30,48.1,38.3,1009.8,10.0,7.8,15.9,19.0,57.0,39.0,0.0,999.9,0,640
5,1,2015,5,2015-05-01,43.8,37.2,1014.2,9.6,13.3,19.0,22.9,57.0,39.0,0.0,999.9,0,642
6,2,2015,5,2015-05-02,44.4,36.7,1015.4,10.0,9.6,15.0,999.9,51.1,39.0,0.0,999.9,0,540
7,3,2015,5,2015-05-03,44.5,38.0,1019.0,9.9,5.3,11.1,999.9,53.1,32.0,0.0,999.9,1,555
1,4,2015,5,2015-05-04,52.2,47.2,1023.4,9.9,8.8,14.0,20.0,60.1,32.0,0.0,999.9,0,641
2,5,2015,5,2015-05-05,57.1,48.6,1022.4,9.8,11.0,15.9,21.0,71.1,46.0,0.0,999.9,0,638
3,6,2015,5,2015-05-06,55.3,42.1,1023.9,9.7,6.8,13.0,999.9,71.1,46.9,0.0,999.9,0,568
4,7,2015,5,2015-05-07,55.9,42.3,1022.4,9.8,7.2,14.0,999.9,70.0,42.1,0.0,999.9,0,684
5,8,2015,5,2015-05-08,52.4,47.8,1021.8,7.1,8.8,14.0,999.9,70.0,42.1,0.0,999.9,1,709
6,9,2015,5,2015-05-09,54.3,50.9,1026.1,4.4,6.4,11.1,999.9,64.9,46.9,0.0,999.9,1,560
7,10,2015,5,2015-05-10,57.0,54.8,1023.5,0.8,8.3,17.1,999.9,64.9,50.0,0.01,999.9,1,549
1,11,2015,5,2015-05-11,57.9,55.9,1020.7,0.8,11.1,15.9,21.0,66.9,54.0,0.0,999.9,1,645
2,12,2015,5,2015-05-12,58.3,56.2,1012.5,0.9,11.3,18.1,24.1,66.9,54.0,0.02,999.9,1,684
3,13,2015,5,2015-05-13,59.5,47.2,1012.4,8.7,12.2,17.1,24.1,66.9,53.1,0.0,999.9,0,655
4,14,2015,5,2015-05-14,54.0,39.9,1025.2,10.0,6.9,13.0,999.9,66.9,45.0,0.0,999.9,0,654
5,15,2015,5,2015-05-15,54.4,46.4,1025.7,10.0,9.7,13.0,999.9,64.9,46.9,0.0,999.9,0,723
6,16,2015,5,2015-05-16,55.5,50.3,1023.7,9.9,7.5,11.1,999.9,64.0,48.0,0.0,999.9,0,650
7,17,2015,5,2015-05-17,63.1,56.2,1020.3,9.4,9.1,18.1,21.0,78.1,50.0,0.0,999.9,0,543
1,18,2015,5,2015-05-18,53.9,48.8,1023.2,5.7,9.4,17.1,18.1,60.1,48.0,0.0,999.9,1,566
2,19,2015,5,2015-05-19,51.4,49.9,1015.7,2.3,8.6,13.0,999.9,61.0,46.0,0.0,999.9,1,606
3,20,2015,5,2015-05-20,58.8,50.1,1007.7,6.1,11.2,19.0,28.9,64.9,46.0,0.3,999.9,1,666
4,21,2015,5,2015-05-21,54.8,41.1,1014.1,10.0,7.7,14.0,19.0,64.9,48.0,0.0,999.9,0,615
5,22,2015,5,2015-05-22,53.8,48.0,1011.7,9.1,9.2,15.9,999.9,61.0,48.0,0.69,999.9,0,727
6,23,2015,5,2015-05-23,54.8,33.2,1023.4,10.0,15.0,22.9,28.0,61.0,48.0,0.61,999.9,0,546
7,24,2015,5,2015-05-24,56.5,48.2,1026.6,10.0,15.5,22.0,25.1,63.0,51.1,0.0,999.9,0,432
1,25,2015,5,2015-05-25,58.9,52.6,1025.6,10.0,11.4,15.0,999.9,66.0,51.1,0.0,999.9,0,420
2,26,2015,5,2015-05-26,61.1,56.2,1024.1,9.8,14.4,19.0,24.1,66.0,54.0,0.0,999.9,0,686
3,27,2015,5,2015-05-27,62.4,57.8,1023.8,8.5,13.4,18.1,24.1,68.0,57.9,0.0,999.9,0,697
4,28,2015,5,2015-05-28,62.4,57.6,1023.0,9.2,11.7,15.9,22.0,68.0,59.0,0.0,999.9,0,682
5,29,2015,5,2015-05-29,65.4,57.4,1024.6,9.2,5.7,9.9,999.9,75.9,60.1,0.0,999.9,0,813
6,30,2015,5,2015-05-30,63.3,59.9,1023.5,4.2,8.5,15.0,999.9,75.9,57.9,0.0,999.9,1,622
7,31,2015,5,2015-05-31,64.7,60.9,1019.8,7.1,11.2,15.0,21.0,71.1,59.0,0.0,999.9,1,555
1,1,2015,6,2015-06-01,55.9,52.8,1021.5,4.9,12.7,19.0,999.9,71.1,53.1,0.0,999.9,0,691
2,2,2015,6,2015-06-02,53.4,50.1,1019.5,6.6,13.7,19.0,22.9,61.0,51.1,0.08,999.9,0,642
3,3,2015,6,2015-06-03,53.0,44.9,1022.7,10.0,13.9,19.0,25.1,57.9,50.0,0.07,999.9,0,658
4,4,2015,6,2015-06-04,52.2,42.8,1025.5,10.0,7.9,14.0,18.1,60.1,43.0,0.01,999.9,0,552
5,5,2015,6,2015-06-05,53.1,46.6,1021.2,10.0,7.3,11.1,999.9,60.1,43.0,0.0,999.9,0,692
6,6,2015,6,2015-06-06,58.0,52.5,1012.6,8.4,11.5,22.0,28.9,63.0,46.9,0.05,999.9,1,598
7,7,2015,6,2015-06-07,59.5,45.8,1020.5,10.0,7.7,11.1,999.9,69.1,51.1,0.14,999.9,0,559
1,8,2015,6,2015-06-08,59.6,51.8,1018.6,10.0,10.6,15.9,999.9,69.1,51.1,0.0,999.9,0,634
2,9,2015,6,2015-06-09,64.0,59.9,1010.5,7.9,14.2,17.1,25.1,70.0,53.1,0.0,999.9,0,652
3,10,2015,6,2015-06-10,65.2,58.5,1010.9,6.4,8.8,12.0,999.9,73.0,57.9,0.07,999.9,1,667
4,11,2015,6,2015-06-11,64.6,59.7,1012.3,9.1,11.8,18.1,22.0,73.0,57.9,0.0,999.9,0,666
5,12,2015,6,2015-06-12,67.0,60.2,1014.4,5.9,6.8,13.0,999.9,79.0,61.0,0.0,999.9,1,451
6,13,2015,6,2015-06-13,68.0,61.0,1012.6,6.0,10.9,21.0,25.1,79.0,61.0,0.02,999.9,1,395
7,14,2015,6,2015-06-14,66.9,53.5,1017.2,10.0,8.9,13.0,15.9,75.9,59.0,0.0,999.9,0,578
1,15,2015,6,2015-06-15,57.8,51.4,1019.2,8.0,9.9,15.9,999.9,59.0,55.0,0.0,999.9,0,506
2,16,2015,6,2015-06-16,64.2,61.9,1012.8,3.6,7.1,19.0,25.1,73.0,55.9,0.47,999.9,1,593
3,17,2015,6,2015-06-17,64.8,53.9,1017.3,8.4,14.5,22.9,31.1,66.9,57.0,0.0,999.9,1,706
4,18,2015,6,2015-06-18,59.1,47.7,1019.3,10.0,3.9,8.0,999.9,66.9,48.9,0.0,999.9,0,615
5,19,2015,6,2015-06-19,65.6,58.0,1013.2,10.0,7.4,11.1,14.0,80.1,48.9,0.0,999.9,0,732
6,20,2015,6,2015-06-20,62.0,56.0,1018.8,10.0,9.0,15.0,20.0,80.1,55.9,0.0,999.9,0,505
7,21,2015,6,2015-06-21,64.9,61.5,1014.6,6.2,11.3,18.1,28.0,71.6,59.0,0.0,999.9,1,620
1,22,2015,6,2015-06-22,67.1,62.7,1012.0,6.2,6.2,12.0,999.9,77.0,59.0,1.8,999.9,1,774
2,23,2015,6,2015-06-23,65.5,61.1,1013.9,7.8,10.2,18.1,26.0,77.0,59.0,0.0,999.9,1,703
3,24,2015,6,2015-06-24,70.8,62.5,1011.9,8.2,9.4,18.1,28.0,79.0,59.0,0.21,999.9,1,778
4,25,2015,6,2015-06-25,68.7,57.9,1015.5,10.0,7.4,11.1,999.9,79.0,62.1,0.0,999.9,0,670
5,26,2015,6,2015-06-26,66.0,60.5,1014.8,9.9,7.9,15.0,999.9,77.0,61.0,0.0,999.9,0,774
6,27,2015,6,2015-06-27,61.5,55.4,1020.4,9.2,8.4,12.0,999.9,72.0,54.0,0.0,999.9,1,595
7,28,2015,6,2015-06-28,64.4,61.6,1010.4,4.3,13.0,28.9,42.9,71.1,54.0,0.03,999.9,1,535
1,29,2015,6,2015-06-29,64.3,59.4,1010.8,7.4,9.7,15.9,999.9,71.1,57.0,0.11,999.9,1,662
2,30,2015,6,2015-06-30,67.1,61.8,1015.7,9.3,7.1,9.9,999.9,73.9,57.0,0.0,999.9,0,622
3,1,2015,7,2015-07-01,65.5,62.2,1011.8,6.5,10.4,15.0,28.9,72.0,61.0,0.0,999.9,1,683
4,2,2015,7,2015-07-02,68.7,62.5,1011.7,7.1,7.0,12.0,999.9,77.0,61.0,0.0,999.9,0,603
5,3,2015,7,2015-07-03,68.3,58.3,1013.2,7.6,5.8,17.1,999.9,77.0,61.0,0.0,999.9,1,549
6,4,2015,7,2015-07-04,62.9,55.4,1015.2,8.0,6.2,11.1,999.9,77.0,55.9,0.0,999.9,0,389
7,5,2015,7,2015-07-05,65.8,59.5,1017.5,9.3,8.2,15.0,999.9,73.9,55.0,0.0,999.9,0,467
1,6,2015,7,2015-07-06,69.2,64.4,1021.3,8.8,8.2,14.0,999.9,78.1,55.0,0.0,999.9,0,598
2,7,2015,7,2015-07-07,68.1,64.3,1019.7,7.4,8.2,11.1,999.9,78.1,62.1,0.0,999.9,0,646
3,8,2015,7,2015-07-08,70.6,67.8,1014.3,3.8,9.8,15.0,999.9,75.9,62.1,0.0,999.9,1,620
4,9,2015,7,2015-07-09,69.1,61.2,1014.2,8.5,9.8,15.9,22.0,75.9,66.0,0.0,999.9,0,567
5,10,2015,7,2015-07-10,65.2,60.1,1011.8,8.7,7.9,15.9,20.0,75.0,60.1,0.0,999.9,0,709
6,11,2015,7,2015-07-11,71.8,62.1,1015.9,10.0,8.4,14.0,999.9,81.0,60.1,0.0,999.9,0,597
7,12,2015,7,2015-07-12,71.5,64.6,1016.1,9.7,9.3,14.0,999.9,81.0,64.9,0.0,999.9,0,521
1,13,2015,7,2015-07-13,70.9,64.9,1013.8,8.3,5.3,8.0,999.9,80.1,66.0,0.0,999.9,0,668
2,14,2015,7,2015-07-14,67.4,63.0,1008.6,9.8,9.2,15.9,20.0,79.0,62.1,0.0,999.9,0,657
3,15,2015,7,2015-07-15,72.3,68.8,1004.1,6.8,4.5,11.1,999.9,82.0,62.1,0.01,999.9,1,611
4,16,2015,7,2015-07-16,67.3,57.3,1013.9,9.2,16.6,22.0,28.0,82.0,60.1,0.0,999.9,0,686
5,17,2015,7,2015-07-17,64.9,57.6,1019.1,10.0,6.0,9.9,999.9,73.0,54.0,0.0,999.9,0,659
6,18,2015,7,2015-07-18,67.8,60.5,1017.0,10.0,9.7,13.0,999.9,73.9,55.0,0.0,999.9,0,561
7,19,2015,7,2015-07-19,71.4,67.9,1011.9,6.9,9.0,12.0,999.9,77.0,64.0,0.0,999.9,1,545
1,20,2015,7,2015-07-20,73.4,69.9,1005.9,4.1,9.3,13.0,999.9,81.0,69.1,0.0,999.9,1,727
2,21,2015,7,2015-07-21,72.6,69.7,1003.7,3.6,5.4,8.9,999.9,82.0,68.0,0.0,999.9,1,606
3,22,2015,7,2015-07-22,73.7,65.0,1003.6,7.8,9.2,15.9,21.0,82.0,68.0,0.0,999.9,1,618
4,23,2015,7,2015-07-23,71.9,60.8,1010.4,10.0,8.3,14.0,999.9,80.1,63.0,0.0,999.9,0,623
5,24,2015,7,2015-07-24,71.7,60.3,1012.2,10.0,7.5,12.0,999.9,80.1,62.1,0.0,999.9,0,490
6,25,2015,7,2015-07-25,68.5,60.2,1015.0,9.7,4.4,8.9,999.9,80.1,60.1,0.0,999.9,0,451
7,26,2015,7,2015-07-26,65.8,61.6,1017.5,8.8,8.5,15.0,999.9,77.0,60.1,0.0,999.9,1,551
1,27,2015,7,2015-07-27,71.1,66.5,1017.3,9.9,8.3,9.9,999.9,75.0,61.0,0.0,999.9,0,626
2,28,2015,7,2015-07-28,72.4,68.7,1016.2,9.0,7.2,11.1,999.9,80.1,68.0,0.0,999.9,1,643
3,29,2015,7,2015-07-29,76.0,69.9,1014.2,5.4,6.8,12.0,999.9,86.0,68.0,0.0,999.9,1,629
4,30,2015,7,2015-07-30,74.2,70.7,1012.2,6.2,9.7,14.0,999.9,86.0,69.1,0.0,999.9,0,717
5,31,2015,7,2015-07-31,76.7,68.5,1009.5,8.5,8.5,12.0,17.1,87.1,71.1,0.0,999.9,0,753
6,1,2015,8,2015-08-01,73.4,68.5,1008.9,8.9,9.2,15.0,19.0,87.1,66.0,0.0,999.9,1,668
7,2,2015,8,2015-08-02,75.9,64.8,1011.7,9.0,7.8,12.0,999.9,82.9,66.0,0.0,999.9,0,550
1,3,2015,8,2015-08-03,74.0,68.2,1012.1,9.1,8.9,14.0,999.9,82.9,69.1,0.0,999.9,0,705
2,4,2015,8,2015-08-04,75.0,71.7,1011.3,6.1,10.4,15.0,22.0,81.0,70.0,0.0,999.9,0,666
3,5,2015,8,2015-08-05,74.5,68.8,1011.2,7.6,7.8,12.0,999.9,81.0,68.0,0.02,999.9,1,619
4,6,2015,8,2015-08-06,73.5,59.6,1012.4,10.0,9.3,15.0,999.9,81.0,66.9,0.0,999.9,0,630
5,7,2015,8,2015-08-07,71.2,61.9,1013.1,10.0,7.4,12.0,999.9,79.0,64.0,0.0,999.9,0,726
6,8,2015,8,2015-08-08,69.7,61.1,1013.8,10.0,11.8,15.0,22.0,78.1,64.0,0.0,999.9,0,545
7,9,2015,8,2015-08-09,67.0,62.1,1014.6,9.2,13.1,18.1,26.0,77.0,64.0,0.0,999.9,0,489
1,10,2015,8,2015-08-10,66.9,60.8,1017.6,9.3,6.6,13.0,999.9,73.9,55.9,0.0,999.9,1,611
2,11,2015,8,2015-08-11,67.9,64.4,1015.0,7.5,12.0,15.9,25.1,73.9,55.9,0.0,999.9,0,601
3,12,2015,8,2015-08-12,71.9,67.4,1008.9,7.2,7.9,13.0,999.9,77.0,64.0,1.01,999.9,1,643
4,13,2015,8,2015-08-13,71.1,65.8,1014.7,8.4,5.2,8.9,999.9,79.0,63.0,0.0,999.9,1,714
5,14,2015,8,2015-08-14,70.4,63.5,1020.3,8.6,4.8,8.9,999.9,81.0,62.1,0.0,999.9,0,729
6,15,2015,8,2015-08-15,71.8,67.0,1020.0,8.2,6.7,11.1,999.9,81.0,62.1,0.0,999.9,1,582
7,16,2015,8,2015-08-16,74.3,68.8,1019.1,9.5,8.5,12.0,999.9,82.0,70.0,0.0,999.9,0,552
1,17,2015,8,2015-08-17,74.1,70.4,1018.5,7.6,8.0,12.0,999.9,82.9,70.0,0.0,999.9,0,592
2,18,2015,8,2015-08-18,74.5,71.0,1017.7,8.8,8.8,12.0,999.9,82.9,70.0,0.0,999.9,1,623
3,19,2015,8,2015-08-19,73.9,70.1,1018.9,6.3,5.4,8.9,999.9,81.0,69.1,0.0,999.9,1,594
4,20,2015,8,2015-08-20,73.4,69.4,1018.9,6.4,9.7,15.0,19.0,82.0,68.0,0.0,999.9,1,600
5,21,2015,8,2015-08-21,73.6,70.2,1017.0,7.1,9.7,13.0,999.9,82.0,68.0,0.0,999.9,1,753
6,22,2015,8,2015-08-22,73.9,71.1,1017.2,4.8,6.0,8.9,999.9,82.0,70.0,0.0,999.9,1,581
7,23,2015,8,2015-08-23,73.4,69.9,1015.3,4.7,7.6,13.0,999.9,82.0,69.1,0.0,999.9,1,492
1,24,2015,8,2015-08-24,71.7,69.2,1013.1,3.8,5.4,8.9,999.9,81.0,68.0,0.0,999.9,1,575
2,25,2015,8,2015-08-25,72.8,68.7,1012.4,9.7,7.4,12.0,999.9,81.0,66.9,0.01,999.9,0,595
3,26,2015,8,2015-08-26,73.8,68.1,1012.5,9.2,7.4,14.0,999.9,81.0,68.0,0.3,999.9,0,606
4,27,2015,8,2015-08-27,72.3,60.6,1014.9,10.0,8.5,13.0,999.9,81.0,62.1,0.0,999.9,0,614
5,28,2015,8,2015-08-28,71.4,59.5,1019.4,10.0,6.6,9.9,999.9,80.1,62.1,0.0,999.9,0,609
6,29,2015,8,2015-08-29,70.3,62.5,1021.8,10.0,7.0,11.1,999.9,80.1,62.1,0.0,999.9,0,539
7,30,2015,8,2015-08-30,72.6,66.8,1018.9,10.0,8.5,14.0,999.9,80.1,63.0,0.0,999.9,0,563
1,31,2015,8,2015-08-31,74.8,69.6,1015.3,9.0,11.2,17.1,22.0,82.0,66.9,0.0,999.9,0,614
2,1,2015,9,2015-09-01,74.6,64.7,1015.8,9.4,8.3,13.0,999.9,82.0,64.9,0.0,999.9,0,626
3,2,2015,9,2015-09-02,66.0,62.6,1017.1,9.7,5.3,999.9,999.9,81.0,61.0,0.0,999.9,1,654
4,3,2015,9,2015-09-03,74.5,70.0,1011.5,7.5,6.0,999.9,999.9,81.0,69.1,0.0,999.9,0,665
5,4,2015,9,2015-09-04,70.6,65.2,1019.1,6.8,12.0,21.0,26.0,75.0,64.0,0.0,999.9,1,643
6,5,2015,9,2015-09-05,66.8,55.9,1024.6,10.0,9.3,17.1,18.1,73.0,54.0,0.0,999.9,0,541
7,6,2015,9,2015-09-06,66.6,55.9,1023.5,10.0,4.7,8.0,999.9,72.0,50.0,0.0,999.9,0,504
1,7,2015,9,2015-09-07,73.0,66.9,1019.0,10.0,11.9,15.9,22.0,79.0,64.0,0.0,999.9,0,485
2,8,2015,9,2015-09-08,76.4,69.6,1015.8,9.1,13.5,17.1,22.9,81.0,70.0,0.0,999.9,0,795
3,9,2015,9,2015-09-09,75.8,71.0,1013.9,7.6,10.3,12.0,18.1,81.0,71.6,0.0,999.9,1,740
4,10,2015,9,2015-09-10,73.8,71.2,1011.3,5.6,5.6,9.9,999.9,77.0,71.6,99.99,999.9,1,716
5,11,2015,9,2015-09-11,68.6,65.6,1005.8,9.5,12.6,21.0,24.1,72.0,64.0,99.99,999.9,0,765
6,12,2015,9,2015-09-12,67.7,59.2,1011.0,9.9,8.8,17.1,22.9,73.0,61.0,0.0,999.9,0,554
7,13,2015,9,2015-09-13,68.2,65.0,1008.0,8.8,8.4,11.1,15.9,73.0,63.0,99.99,999.9,0,478
1,14,2015,9,2015-09-14,67.6,57.8,1013.1,10.0,14.5,24.1,31.1,70.0,63.0,0.0,999.9,0,579
2,15,2015,9,2015-09-15,70.8,58.4,1022.7,10.0,10.1,13.0,18.1,79.0,64.0,0.0,999.9,0,579
3,16,2015,9,2015-09-16,72.8,61.9,1024.8,10.0,6.2,13.0,999.9,81.0,64.0,0.0,999.9,0,748
4,17,2015,9,2015-09-17,69.3,65.6,1020.7,7.8,5.9,8.9,999.9,75.9,48.9,0.0,999.9,1,744
5,18,2015,9,2015-09-18,70.1,66.5,1017.8,7.9,6.4,9.9,999.9,77.0,48.9,0.0,999.9,1,760
6,19,2015,9,2015-09-19,70.4,66.2,1015.3,6.6,5.2,12.0,999.9,77.0,63.0,0.01,999.9,1,655
7,20,2015,9,2015-09-20,70.7,65.3,1014.1,7.5,8.9,20.0,27.0,80.1,64.0,0.0,999.9,1,556
1,21,2015,9,2015-09-21,63.9,52.9,1020.3,10.0,17.3,21.0,28.9,80.1,61.0,0.0,999.9,0,624
2,22,2015,9,2015-09-22,63.5,55.8,1024.6,10.0,10.4,15.0,17.1,70.0,60.1,0.0,999.9,0,571
3,23,2015,9,2015-09-23,62.4,55.2,1023.3,10.0,9.8,15.0,20.0,70.0,55.0,0.0,999.9,0,501
4,24,2015,9,2015-09-24,61.5,54.2,1024.2,10.0,9.2,20.0,999.9,73.0,50.0,0.0,999.9,0,619
5,25,2015,9,2015-09-25,61.2,50.2,1027.9,10.0,10.3,18.1,22.0,73.0,50.0,0.0,999.9,0,585
6,26,2015,9,2015-09-26,59.4,47.2,1030.1,10.0,11.4,20.0,26.0,70.0,52.0,0.0,999.9,0,557
7,27,2015,9,2015-09-27,59.4,50.9,1031.1,10.0,7.0,12.0,15.9,70.0,48.0,0.0,999.9,0,493
1,28,2015,9,2015-09-28,66.8,62.0,1025.3,9.7,6.7,11.1,999.9,75.9,48.0,0.0,999.9,0,586
2,29,2015,9,2015-09-29,69.3,65.6,1020.1,8.5,7.8,12.0,999.9,75.9,61.0,0.0,999.9,0,557
3,30,2015,9,2015-09-30,70.5,68.3,1012.7,4.1,15.5,26.0,33.0,75.0,63.0,0.34,999.9,0,634
4,1,2015,10,2015-10-01,59.7,55.3,1015.2,8.1,21.4,28.0,36.9,73.9,57.0,1.26,999.9,0,683
5,2,2015,10,2015-10-02,56.0,53.3,1020.6,4.1,22.5,27.0,38.1,57.2,55.0,1.07,999.9,0,798
6,3,2015,10,2015-10-03,55.5,50.4,1026.0,7.9,22.1,27.0,38.1,57.9,53.6,1.01,999.9,0,556
7,4,2015,10,2015-10-04,56.2,46.7,1026.5,10.0,19.2,22.9,33.0,60.1,53.1,0.04,999.9,0,536
1,5,2015,10,2015-10-05,58.6,52.1,1020.4,10.0,17.1,20.0,28.9,64.0,53.1,0.0,999.9,0,597
2,6,2015,10,2015-10-06,59.4,51.7,1015.3,10.0,10.5,15.0,22.9,64.4,51.1,0.0,999.9,0,631
3,7,2015,10,2015-10-07,57.0,50.5,1014.1,10.0,5.4,9.9,999.9,66.0,48.9,0.0,999.9,0,668
4,8,2015,10,2015-10-08,59.8,51.9,1018.1,10.0,8.2,15.9,20.0,66.0,51.1,0.0,999.9,0,666
5,9,2015,10,2015-10-09,58.9,52.7,1016.3,9.8,10.9,17.1,22.0,68.0,48.0,0.0,999.9,0,764
6,10,2015,10,2015-10-10,59.2,49.2,1016.0,9.0,13.1,22.9,32.1,68.0,46.0,0.56,999.9,0,649
7,11,2015,10,2015-10-11,56.0,46.7,1015.6,10.0,8.1,14.0,999.9,64.0,44.1,0.0,999.9,0,559
1,12,2015,10,2015-10-12,60.2,55.1,1011.2,9.7,7.6,11.1,999.9,68.0,46.0,0.0,999.9,0,505
2,13,2015,10,2015-10-13,64.4,61.2,1003.5,6.5,8.3,12.0,999.9,73.9,50.0,0.18,999.9,1,724
3,14,2015,10,2015-10-14,63.8,57.7,1004.5,9.0,11.2,17.1,999.9,73.9,60.1,0.03,999.9,0,658
4,15,2015,10,2015-10-15,57.1,42.0,1012.2,10.0,10.4,14.0,999.9,68.0,52.0,0.0,999.9,0,683
5,16,2015,10,2015-10-16,60.1,47.3,1013.5,9.8,11.7,15.9,32.1,66.0,52.0,0.0,999.9,0,676
6,17,2015,10,2015-10-17,52.7,39.6,1015.4,10.0,8.2,18.1,22.9,66.0,41.0,0.07,999.9,0,565
7,18,2015,10,2015-10-18,46.1,28.0,1020.6,10.0,13.7,19.0,25.1,60.1,41.0,0.0,999.9,0,551
1,19,2015,10,2015-10-19,42.8,24.8,1027.3,10.0,12.6,19.0,25.1,48.0,39.9,0.0,999.9,0,667
2,20,2015,10,2015-10-20,58.2,45.6,1022.8,9.7,21.3,26.0,34.0,66.0,39.9,0.0,999.9,0,714
3,21,2015,10,2015-10-21,62.7,52.4,1024.6,9.9,8.7,15.0,999.9,70.0,52.0,0.0,999.9,0,720
4,22,2015,10,2015-10-22,60.5,55.7,1022.9,8.8,9.7,18.1,24.1,70.0,52.0,0.0,999.9,1,666
5,23,2015,10,2015-10-23,56.2,43.0,1019.2,10.0,15.4,21.0,31.1,66.9,48.9,0.01,999.9,0,742
6,24,2015,10,2015-10-24,51.5,38.3,1027.1,10.0,9.4,17.1,26.0,63.0,48.0,0.0,999.9,0,519
7,25,2015,10,2015-10-25,57.0,51.7,1020.6,9.7,6.9,13.0,999.9,62.1,48.9,0.0,999.9,0,522
1,26,2015,10,2015-10-26,52.3,39.8,1026.0,10.0,12.9,22.9,29.9,62.1,41.0,0.0,999.9,0,698
2,27,2015,10,2015-10-27,46.7,36.2,1034.1,10.0,5.9,8.9,999.9,57.0,36.0,0.0,999.9,0,631
3,28,2015,10,2015-10-28,53.8,46.9,1030.4,9.3,13.2,22.9,31.1,61.0,36.0,0.0,999.9,0,689
4,29,2015,10,2015-10-29,63.2,60.9,1005.5,3.5,17.6,24.1,35.9,66.0,46.9,0.54,999.9,1,767
5,30,2015,10,2015-10-30,57.4,41.6,1008.2,10.0,11.1,17.1,25.1,66.0,51.1,0.4,999.9,0,688
6,31,2015,10,2015-10-31,48.9,37.4,1020.4,10.0,5.7,11.1,17.1,61.0,35.1,0.0,999.9,0,357
7,1,2015,11,2015-11-01,57.0,49.8,1016.1,9.9,8.7,15.9,999.9,62.1,52.0,0.0,999.9,0,312
1,2,2015,11,2015-11-02,58.3,49.4,1016.1,9.5,7.8,13.0,18.1,64.9,50.0,0.0,999.9,0,613
2,3,2015,11,2015-11-03,54.4,50.7,1020.7,8.2,6.4,14.0,999.9,64.9,43.0,0.0,999.9,1,655
3,4,2015,11,2015-11-04,57.0,49.3,1026.2,9.7,7.4,11.1,999.9,64.0,43.0,0.0,999.9,0,672
4,5,2015,11,2015-11-05,58.9,55.9,1025.8,9.1,7.6,11.1,999.9,66.9,48.9,0.0,999.9,1,690
5,6,2015,11,2015-11-06,62.3,60.4,1020.6,4.3,11.3,24.1,34.0,66.9,52.0,0.14,999.9,1,616
6,7,2015,11,2015-11-07,61.4,54.7,1013.4,6.9,10.9,21.0,26.0,64.9,57.0,0.0,999.9,0,500
7,8,2015,11,2015-11-08,53.2,35.5,1021.8,10.0,11.0,22.0,28.9,64.9,46.9,0.0,999.9,0,472
1,9,2015,11,2015-11-09,51.4,37.7,1029.7,10.0,7.9,13.0,999.9,60.1,43.0,0.0,999.9,0,615
2,10,2015,11,2015-11-10,55.8,50.8,1023.4,9.3,7.9,15.9,22.9,61.0,43.0,0.0,999.9,0,757
3,11,2015,11,2015-11-11,56.1,53.7,1005.8,4.0,20.5,28.9,38.1,61.0,50.0,0.72,999.9,0,530
4,12,2015,11,2015-11-12,52.5,49.0,1011.3,7.3,11.5,24.1,29.9,59.0,51.1,0.17,999.9,0,637
5,13,2015,11,2015-11-13,58.3,47.5,1000.3,9.8,16.9,25.1,34.0,61.0,51.1,0.07,999.9,0,677
6,14,2015,11,2015-11-14,49.0,29.0,1009.4,10.0,18.7,24.1,35.9,61.0,43.0,0.0,999.9,0,613
7,15,2015,11,2015-11-15,47.6,32.3,1020.3,10.0,14.3,22.9,27.0,55.9,41.0,0.0,999.9,0,500
1,16,2015,11,2015-11-16,54.0,41.2,1020.4,10.0,8.3,11.1,999.9,60.1,41.0,0.0,999.9,0,618
2,17,2015,11,2015-11-17,45.3,31.2,1030.8,10.0,11.9,18.1,24.1,60.1,37.9,0.0,999.9,0,684
3,18,2015,11,2015-11-18,42.9,33.8,1034.9,10.0,3.2,8.9,999.9,51.1,30.9,0.0,999.9,0,628
4,19,2015,11,2015-11-19,50.4,43.6,1028.9,10.0,11.8,18.1,999.9,57.0,30.9,0.0,999.9,0,797
5,20,2015,11,2015-11-20,57.0,52.8,1017.7,7.2,13.6,19.0,25.1,61.0,46.9,0.08,999.9,0,819
6,21,2015,11,2015-11-21,48.8,34.7,1021.5,10.0,14.3,20.0,28.9,61.0,39.9,0.78,999.9,0,597
7,22,2015,11,2015-11-22,50.1,45.5,1015.0,8.1,6.6,17.1,22.9,57.2,39.0,0.0,999.9,0,431
1,23,2015,11,2015-11-23,45.2,35.2,1010.0,8.5,17.4,25.1,34.0,57.0,39.9,1.68,999.9,0,704
2,24,2015,11,2015-11-24,37.5,17.0,1024.6,10.0,11.7,20.0,25.1,48.0,30.9,0.25,999.9,0,733
3,25,2015,11,2015-11-25,39.6,26.8,1038.6,10.0,4.3,8.0,999.9,50.0,28.9,0.0,999.9,0,717
4,26,2015,11,2015-11-26,50.1,41.2,1044.2,10.0,10.8,14.0,999.9,57.0,28.9,0.0,999.9,0,383
5,27,2015,11,2015-11-27,52.6,48.4,1034.2,9.8,7.5,11.1,999.9,59.0,45.0,0.0,999.9,0,480
6,28,2015,11,2015-11-28,54.5,50.4,1021.1,9.1,9.4,14.0,999.9,62.1,45.0,0.0,999.9,0,508
7,29,2015,11,2015-11-29,46.1,38.8,1022.1,9.6,9.4,15.0,999.9,62.1,39.9,0.0,999.9,0,453
1,30,2015,11,2015-11-30,40.5,26.7,1029.5,10.0,11.3,17.1,25.1,48.9,30.9,0.0,999.9,0,611
2,1,2015,12,2015-12-01,40.1,32.7,1027.0,9.3,7.9,14.0,20.0,50.0,30.0,0.0,999.9,0,746
3,2,2015,12,2015-12-02,53.6,51.9,1012.2,2.3,9.1,18.1,26.0,57.0,48.9,0.65,999.9,1,655
4,3,2015,12,2015-12-03,53.5,47.1,1005.8,6.4,13.0,24.1,32.1,57.0,46.9,0.11,999.9,1,623
5,4,2015,12,2015-12-04,45.6,32.0,1024.3,10.0,10.9,19.0,24.1,57.0,42.1,0.03,999.9,0,680
6,5,2015,12,2015-12-05,45.6,34.0,1035.5,10.0,6.1,11.1,999.9,52.0,35.1,0.0,999.9,0,629
7,6,2015,12,2015-12-06,45.4,40.9,1032.5,8.5,6.2,13.0,999.9,55.0,34.0,0.0,999.9,1,485
1,7,2015,12,2015-12-07,50.8,45.5,1020.7,8.0,9.2,14.0,999.9,55.9,34.0,0.0,999.9,0,668
2,8,2015,12,2015-12-08,47.4,42.3,1016.7,7.8,11.3,18.1,25.1,55.9,44.1,0.0,999.9,0,618
3,9,2015,12,2015-12-09,43.7,32.9,1021.0,10.0,8.7,17.1,999.9,50.0,34.0,0.3,999.9,0,575
4,10,2015,12,2015-12-10,51.1,46.4,1017.5,9.0,9.3,15.0,18.1,57.0,34.0,0.02,999.9,0,668
5,11,2015,12,2015-12-11,52.2,50.0,1014.0,6.1,5.8,11.1,999.9,57.9,46.0,0.0,999.9,1,694
6,12,2015,12,2015-12-12,55.0,46.1,1017.8,8.1,9.8,14.0,24.1,62.1,45.0,0.0,999.9,0,578
7,13,2015,12,2015-12-13,53.6,46.9,1021.0,8.1,7.5,13.0,999.9,62.1,45.0,0.0,999.9,0,549
1,14,2015,12,2015-12-14,52.6,48.2,1016.4,6.7,7.9,12.0,999.9,57.0,50.0,0.0,999.9,1,637
2,15,2015,12,2015-12-15,58.0,51.5,998.4,5.9,15.0,22.0,29.9,61.0,50.0,0.69,999.9,1,755
3,16,2015,12,2015-12-16,46.5,35.5,1015.3,10.0,12.3,17.1,22.9,61.0,43.0,0.35,999.9,0,673
4,17,2015,12,2015-12-17,48.9,43.7,1019.4,8.8,9.7,18.1,999.9,57.0,42.1,0.0,999.9,0,745
5,18,2015,12,2015-12-18,54.2,52.4,1002.9,2.4,11.3,20.0,24.1,60.1,42.1,0.64,999.9,1,767
6,19,2015,12,2015-12-19,42.1,24.9,1014.0,10.0,16.7,22.9,32.1,55.9,39.0,0.14,999.9,0,624
7,20,2015,12,2015-12-20,38.5,19.5,1028.4,10.0,14.0,22.0,32.1,44.1,34.0,0.0,999.9,0,500
1,21,2015,12,2015-12-21,49.5,40.8,1025.2,9.4,14.3,20.0,28.0,55.9,34.0,0.0,999.9,0,612
2,22,2015,12,2015-12-22,54.8,52.1,1018.3,4.4,11.3,17.1,22.0,57.9,45.0,0.0,999.9,1,699
3,23,2015,12,2015-12-23,53.5,51.2,1022.8,3.9,8.3,15.9,20.0,60.1,46.0,0.13,999.9,1,805
4,24,2015,12,2015-12-24,57.7,55.8,1017.5,2.1,15.6,20.0,28.0,61.0,46.0,0.81,999.9,1,603
5,25,2015,12,2015-12-25,56.1,52.9,1021.2,4.0,4.4,13.0,999.9,66.0,50.0,0.37,999.9,1,321
6,26,2015,12,2015-12-26,51.4,42.3,1032.0,8.9,11.3,20.0,27.0,66.0,46.0,0.07,999.9,0,395
7,27,2015,12,2015-12-27,52.9,49.0,1013.0,4.5,13.1,19.0,24.1,57.0,46.0,0.03,999.9,1,518
1,28,2015,12,2015-12-28,40.9,30.0,1030.6,9.3,18.5,22.9,33.0,57.0,33.1,0.1,999.9,0,490
2,29,2015,12,2015-12-29,42.8,35.9,1020.0,6.1,15.6,24.1,33.0,57.0,33.1,0.13,999.9,1,533
3,30,2015,12,2015-12-30,44.8,40.6,1026.3,9.4,8.8,18.1,25.1,57.0,36.0,0.58,999.9,0,501
4,31,2015,12,2015-12-31,46.5,41.8,9999.9,9.5,11.0,15.0,999.9,48.0,45.0,0.0,999.9,0,527
5,1,2016,1,2016-01-01,41.2,28.0,1015.1,9.8,10.2,17.1,24.1,44.1,37.4,0.43,999.9,0,393
6,2,2016,1,2016-01-02,37.7,22.9,1014.3,10.0,12.5,19.0,25.1,44.1,34.0,0.03,999.9,0,422
7,3,2016,1,2016-01-03,44.4,29.4,1010.4,10.0,15.5,22.9,33.0,52.0,34.0,0.0,999.9,0,432
1,4,2016,1,2016-01-04,38.2,27.4,1011.5,10.0,13.5,24.1,31.1,52.0,34.0,0.0,999.9,0,601
2,5,2016,1,2016-01-05,27.7,18.1,1028.5,7.9,20.3,28.9,39.0,43.0,24.1,0.0,999.9,0,640
3,6,2016,1,2016-01-06,33.5,19.3,1033.1,10.0,8.3,17.1,999.9,45.0,21.0,0.0,999.9,0,625
4,7,2016,1,2016-01-07,40.5,29.9,1026.9,10.0,6.8,13.0,999.9,46.9,24.1,0.0,999.9,0,542
5,8,2016,1,2016-01-08,41.3,33.1,1022.3,9.9,11.8,20.0,28.0,48.0,30.9,0.0,999.9,0,602
6,9,2016,1,2016-01-09,45.9,38.6,1022.7,10.0,9.3,15.9,21.0,50.0,30.9,0.0,999.9,0,554
7,10,2016,1,2016-01-10,51.3,49.0,1012.0,4.9,16.2,34.0,41.0,57.9,44.1,0.0,999.9,1,462
1,11,2016,1,2016-01-11,43.2,30.5,1005.5,8.4,17.5,24.1,31.1,57.9,35.1,2.17,999.9,1,680
2,12,2016,1,2016-01-12,33.0,19.1,1015.4,10.0,7.9,14.0,999.9,50.0,19.9,0.0,999.9,0,637
3,13,2016,1,2016-01-13,32.9,18.2,1005.8,9.6,18.0,32.1,42.0,43.0,19.9,0.13,999.9,0,605
4,14,2016,1,2016-01-14,28.9,14.7,1013.1,8.1,11.4,20.0,27.0,37.9,27.0,0.01,999.9,0,597
5,15,2016,1,2016-01-15,36.5,25.6,1014.8,10.0,7.2,13.0,999.9,45.0,24.1,0.0,999.9,0,722
6,16,2016,1,2016-01-16,45.7,42.5,999.0,7.3,15.7,32.1,42.0,51.1,39.9,1.3,999.9,0,563
7,17,2016,1,2016-01-17,40.2,32.3,1007.3,9.2,7.7,12.0,18.1,51.1,36.0,0.77,999.9,0,451
1,18,2016,1,2016-01-18,34.4,24.9,1002.2,8.8,15.3,27.0,35.0,44.1,26.1,0.45,999.9,0,481
2,19,2016,1,2016-01-19,25.5,4.8,1007.1,10.0,21.7,27.0,38.1,37.9,21.9,0.02,999.9,0,662
3,20,2016,1,2016-01-20,29.4,11.2,1014.4,10.0,18.9,27.0,36.9,37.0,21.9,0.0,999.9,0,623
4,21,2016,1,2016-01-21,30.9,10.8,1015.8,10.0,14.5,20.0,27.0,37.0,25.0,0.0,999.9,0,666
5,22,2016,1,2016-01-22,28.0,11.8,1020.4,10.0,13.1,22.0,29.9,35.1,21.9,0.0,999.9,0,702
6,23,2016,1,2016-01-23,34.6,25.4,1014.3,6.1,17.5,32.1,52.1,37.9,21.9,0.0,999.9,1,402
7,24,2016,1,2016-01-24,34.5,27.9,1005.7,6.3,25.6,36.9,49.0,37.9,33.1,0.37,999.9,0,517
1,25,2016,1,2016-01-25,33.5,21.2,1021.4,10.0,6.5,8.9,999.9,37.9,30.0,0.02,999.9,0,658
2,26,2016,1,2016-01-26,42.2,36.4,1021.5,9.1,11.1,17.1,999.9,48.2,28.9,0.0,999.9,0,734
3,27,2016,1,2016-01-27,43.0,36.7,1014.0,7.5,9.4,15.0,999.9,48.0,36.0,0.0,999.9,0,670
4,28,2016,1,2016-01-28,35.0,24.4,1016.1,10.0,4.3,8.9,999.9,46.0,23.0,0.09,999.9,0,681
5,29,2016,1,2016-01-29,41.3,36.8,999.4,10.0,5.9,9.9,999.9,45.0,23.0,0.0,999.9,0,645
6,30,2016,1,2016-01-30,37.8,27.3,1011.0,10.0,11.6,15.0,22.9,45.0,34.0,0.0,999.9,0,596
7,31,2016,1,2016-01-31,45.0,39.0,1014.8,8.6,12.5,17.1,24.1,50.0,34.0,0.0,999.9,0,532
1,1,2016,2,2016-02-01,47.6,43.1,1009.6,6.9,11.8,15.9,22.0,52.0,43.0,0.0,999.9,0,716
2,2,2016,2,2016-02-02,43.2,32.2,1021.5,10.0,6.5,14.0,999.9,52.0,34.0,0.07,999.9,0,711
3,3,2016,2,2016-02-03,42.6,37.8,1025.6,9.5,11.9,21.0,999.9,51.1,30.9,0.0,999.9,0,579
4,4,2016,2,2016-02-04,51.6,49.4,1015.2,3.1,13.0,21.0,28.0,54.0,35.1,0.75,999.9,1,609
5,5,2016,2,2016-02-05,40.8,38.4,1012.4,3.5,17.9,31.1,44.1,54.0,32.0,1.44,999.9,1,607
6,6,2016,2,2016-02-06,32.3,23.3,1026.1,9.9,12.1,28.0,35.0,45.0,28.0,1.05,999.9,0,553
7,7,2016,2,2016-02-07,38.7,30.1,1022.3,10.0,6.7,12.0,999.9,44.1,28.0,0.0,999.9,0,423
1,8,2016,2,2016-02-08,36.4,31.4,1009.0,3.8,25.8,38.1,49.9,44.1,32.0,0.15,999.9,1,501
2,9,2016,2,2016-02-09,33.1,27.8,1003.6,8.1,11.5,21.0,28.0,42.1,30.9,0.06,999.9,0,571
3,10,2016,2,2016-02-10,33.5,28.0,1002.2,9.1,4.2,8.9,999.9,37.9,28.0,0.0,999.9,0,537
4,11,2016,2,2016-02-11,31.5,21.3,1005.7,9.5,11.2,21.0,31.1,37.9,23.0,0.01,999.9,0,622
5,12,2016,2,2016-02-12,19.3,4.2,1019.2,10.0,14.0,24.1,35.9,36.0,15.1,0.0,999.9,0,628
6,13,2016,2,2016-02-13,23.5,11.8,1011.5,7.4,12.2,24.1,29.9,27.0,12.9,0.0,999.9,0,480
7,14,2016,2,2016-02-14,5.8,-6.7,1024.1,8.5,16.3,22.9,36.9,27.0,-2.0,0.0,999.9,0,309
1,15,2016,2,2016-02-15,18.6,7.0,1034.4,9.3,6.0,18.1,999.9,35.6,8.1,0.0,999.9,0,291
2,16,2016,2,2016-02-16,44.5,41.7,1018.9,4.8,18.5,26.0,38.1,50.0,36.0,0.02,999.9,1,615
3,17,2016,2,2016-02-17,41.5,35.8,1011.9,6.2,12.0,17.1,22.0,50.0,35.1,1.02,999.9,1,525
4,18,2016,2,2016-02-18,36.0,23.1,1023.3,10.0,12.5,18.1,25.1,44.1,32.0,0.0,999.9,0,592
5,19,2016,2,2016-02-19,34.7,21.7,1031.3,10.0,10.7,18.1,24.1,39.9,32.0,0.0,999.9,0,532
6,20,2016,2,2016-02-20,42.8,36.4,1018.4,8.8,12.5,15.9,21.0,48.9,32.0,0.03,999.9,0,555
7,21,2016,2,2016-02-21,46.8,38.5,1010.7,8.4,11.2,14.0,999.9,54.0,39.0,0.0,999.9,0,481
1,22,2016,2,2016-02-22,41.8,31.7,1017.1,10.0,9.2,15.9,22.9,54.0,32.0,0.07,999.9,0,615
2,23,2016,2,2016-02-23,36.5,26.3,1028.2,10.0,9.9,15.9,22.9,45.0,28.9,0.04,999.9,0,623
3,24,2016,2,2016-02-24,46.9,43.7,1020.0,6.0,12.7,17.1,22.9,53.6,41.0,0.03,999.9,0,660
4,25,2016,2,2016-02-25,51.0,47.1,995.4,4.2,20.9,29.9,38.1,57.2,45.0,0.18,999.9,1,663
5,26,2016,2,2016-02-26,40.2,23.9,1001.8,9.5,20.8,29.9,36.9,57.0,35.1,0.04,999.9,0,476
6,27,2016,2,2016-02-27,30.7,11.4,1016.4,10.0,11.6,21.0,27.0,42.1,25.0,0.0,999.9,0,388
7,28,2016,2,2016-02-28,42.8,31.7,1013.4,10.0,16.6,21.0,27.0,48.9,25.0,0.0,999.9,0,509
1,29,2016,2,2016-02-29,47.8,40.9,1006.4,7.2,17.0,21.0,27.0,54.0,39.9,0.0,999.9,0,616
2,1,2016,3,2016-03-01,43.2,29.0,1016.6,9.3,12.1,17.1,22.9,54.0,39.0,0.0,999.9,0,662
3,2,2016,3,2016-03-02,45.7,38.8,1008.2,6.8,18.2,25.1,31.1,52.0,37.0,0.15,999.9,0,653
4,3,2016,3,2016-03-03,29.9,11.8,1019.2,10.0,12.2,19.0,28.9,36.0,25.0,0.14,999.9,0,625
5,4,2016,3,2016-03-04,33.9,26.2,1021.7,6.9,8.5,24.1,33.0,39.0,25.0,0.0,999.9,0,685
6,5,2016,3,2016-03-05,34.8,22.6,1017.4,9.1,20.8,32.1,42.0,39.0,30.0,0.37,999.9,0,601
7,6,2016,3,2016-03-06,33.2,18.7,1024.3,10.0,3.1,8.0,999.9,41.0,23.0,0.0,999.9,0,500
1,7,2016,3,2016-03-07,36.8,26.1,1023.5,9.9,9.0,18.1,999.9,46.0,23.0,0.0,999.9,0,571
2,8,2016,3,2016-03-08,44.4,36.5,1019.8,8.8,8.5,13.0,999.9,51.1,26.1,0.0,999.9,0,632
3,9,2016,3,2016-03-09,46.4,41.8,1020.9,8.0,9.4,14.0,999.9,55.0,37.9,0.0,999.9,0,660
4,10,2016,3,2016-03-10,49.6,43.8,1014.8,7.6,10.9,15.9,999.9,62.1,41.0,0.0,999.9,0,629
5,11,2016,3,2016-03-11,46.8,42.9,1013.9,7.6,10.1,18.1,22.9,62.1,39.9,0.15,999.9,1,672
6,12,2016,3,2016-03-12,41.2,35.4,1024.0,8.8,6.6,14.0,999.9,55.0,30.9,0.02,999.9,0,625
7,13,2016,3,2016-03-13,50.1,35.2,1015.2,10.0,11.8,15.9,22.9,57.9,30.9,0.0,999.9,0,435
1,14,2016,3,2016-03-14,43.8,33.8,1022.8,9.5,12.3,20.0,28.9,46.0,41.0,0.0,999.9,0,640
2,15,2016,3,2016-03-15,48.3,45.7,1010.6,3.4,17.3,25.1,35.0,54.0,41.0,0.57,999.9,1,608
3,16,2016,3,2016-03-16,45.2,41.9,1007.8,7.7,15.7,24.1,29.9,51.1,43.0,0.18,999.9,1,629
4,17,2016,3,2016-03-17,45.4,42.5,1008.2,5.9,8.5,15.0,999.9,48.9,42.8,0.01,999.9,0,612
5,18,2016,3,2016-03-18,47.0,37.0,1006.7,9.9,12.3,20.0,29.9,54.0,39.0,0.0,999.9,0,644
6,19,2016,3,2016-03-19,40.0,21.4,1016.0,10.0,10.0,15.0,20.0,54.0,35.1,0.0,999.9,0,540
7,20,2016,3,2016-03-20,37.2,22.6,1019.8,10.0,11.3,19.0,22.9,43.0,32.0,0.0,999.9,0,479
1,21,2016,3,2016-03-21,37.4,32.0,1008.7,7.3,16.0,22.0,31.1,43.0,34.0,0.35,999.9,0,617
2,22,2016,3,2016-03-22,40.8,23.9,1015.9,10.0,16.0,22.0,28.0,45.0,35.1,0.01,999.9,0,628
3,23,2016,3,2016-03-23,48.6,40.2,1015.8,8.5,13.5,18.1,25.1,53.1,43.0,0.0,999.9,0,621
4,24,2016,3,2016-03-24,45.1,38.1,1020.2,9.6,11.3,15.9,24.1,54.0,42.1,0.0,999.9,0,635
5,25,2016,3,2016-03-25,50.8,48.5,1011.0,2.7,10.8,19.0,25.1,55.9,42.1,0.0,999.9,1,546
6,26,2016,3,2016-03-26,44.8,37.6,1022.2,9.3,15.1,21.0,28.9,55.9,36.0,0.9,999.9,1,530
7,27,2016,3,2016-03-27,40.0,32.8,1028.8,9.8,5.4,9.9,999.9,46.9,37.0,0.0,999.9,0,459
1,28,2016,3,2016-03-28,45.1,41.4,1008.2,5.9,11.8,18.1,26.0,55.0,37.0,0.02,999.9,1,658
2,29,2016,3,2016-03-29,48.6,34.9,1003.4,9.7,19.6,25.1,35.0,55.0,41.0,0.44,999.9,1,683
3,30,2016,3,2016-03-30,43.4,24.8,1023.9,10.0,13.2,21.0,27.0,55.0,37.9,0.0,999.9,0,650
4,31,2016,3,2016-03-31,51.0,44.6,1019.5,8.7,13.1,17.1,999.9,59.0,37.9,0.0,999.9,0,652
5,1,2016,4,2016-04-01,54.8,52.5,1007.0,2.2,18.2,29.9,39.0,59.0,46.0,0.01,999.9,1,702
6,2,2016,4,2016-04-02,50.4,47.7,1000.0,5.0,8.5,18.1,25.1,59.0,46.0,0.79,999.9,1,597
7,3,2016,4,2016-04-03,41.7,32.9,1000.2,8.3,17.5,35.9,51.1,53.1,33.1,1.12,999.9,0,585
1,4,2016,4,2016-04-04,36.5,22.1,1015.4,8.2,10.3,20.0,29.9,46.9,30.9,0.07,999.9,0,683
2,5,2016,4,2016-04-05,35.1,23.5,1019.3,9.8,19.5,28.0,34.0,45.0,30.9,0.0,999.9,0,672
3,6,2016,4,2016-04-06,37.0,15.3,1026.7,10.0,10.7,19.0,26.0,44.1,28.9,0.0,999.9,0,628
4,7,2016,4,2016-04-07,50.9,44.8,1013.6,7.6,21.9,32.1,40.0,57.0,32.0,99.99,999.9,0,630
5,8,2016,4,2016-04-08,49.7,43.2,1001.5,7.3,15.9,29.9,46.0,57.0,44.1,0.44,999.9,0,696
6,9,2016,4,2016-04-09,41.8,25.1,1007.5,10.0,9.7,14.0,21.0,53.1,35.1,0.0,999.9,0,557
7,10,2016,4,2016-04-10,40.6,23.9,1019.2,10.0,15.7,22.0,28.9,48.0,35.1,0.0,999.9,0,499
1,11,2016,4,2016-04-11,47.8,38.9,1026.0,9.9,12.8,17.1,999.9,55.0,35.1,0.0,999.9,0,624
2,12,2016,4,2016-04-12,52.5,48.6,1018.9,6.4,13.6,18.1,999.9,57.9,44.1,0.0,999.9,0,638
3,13,2016,4,2016-04-13,46.7,34.2,1025.8,9.8,12.9,18.1,27.0,57.9,37.9,0.13,999.9,0,700
4,14,2016,4,2016-04-14,44.0,32.4,1026.1,10.0,15.8,26.0,33.0,52.0,35.1,0.0,999.9,0,674
5,15,2016,4,2016-04-15,46.4,28.4,1027.7,10.0,17.6,26.0,35.0,53.1,39.9,0.0,999.9,0,733
6,16,2016,4,2016-04-16,44.3,33.2,1028.2,10.0,22.9,28.9,38.1,46.9,42.8,0.0,999.9,0,679
7,17,2016,4,2016-04-17,45.8,36.5,1027.9,10.0,15.4,22.9,29.9,52.0,42.1,0.0,999.9,0,568
1,18,2016,4,2016-04-18,49.5,35.9,1022.5,10.0,6.0,12.0,999.9,64.0,37.0,0.0,999.9,0,687
2,19,2016,4,2016-04-19,46.9,40.0,1016.0,9.8,7.9,20.0,999.9,64.0,37.9,0.0,999.9,0,732
3,20,2016,4,2016-04-20,47.3,33.8,1020.5,10.0,11.7,24.1,28.0,55.0,37.9,0.01,999.9,0,697
4,21,2016,4,2016-04-21,49.6,39.0,1020.5,10.0,13.4,20.0,27.0,59.0,39.0,0.0,999.9,0,694
5,22,2016,4,2016-04-22,55.4,48.4,1013.8,8.7,10.2,15.9,999.9,72.0,44.1,0.0,999.9,1,741
6,23,2016,4,2016-04-23,53.4,49.8,1009.0,5.6,9.3,19.0,26.0,72.0,50.0,0.13,999.9,1,649
7,24,2016,4,2016-04-24,49.1,31.2,1014.6,10.0,13.4,21.0,27.0,60.1,44.1,0.26,999.9,0,448
1,25,2016,4,2016-04-25,48.4,36.3,1017.1,10.0,9.2,14.0,999.9,55.0,37.0,0.0,999.9,0,488
2,26,2016,4,2016-04-26,46.8,42.8,1010.4,9.0,9.4,18.1,25.1,55.0,39.9,0.07,999.9,0,479
3,27,2016,4,2016-04-27,45.0,36.9,1011.9,10.0,7.8,12.0,999.9,51.1,41.0,0.24,999.9,0,510
4,28,2016,4,2016-04-28,47.7,34.1,1015.8,10.0,10.1,15.0,999.9,54.0,41.0,0.0,999.9,0,489
5,29,2016,4,2016-04-29,46.1,33.9,1020.4,10.0,9.4,14.0,19.0,54.0,42.1,0.0,999.9,0,517
6,30,2016,4,2016-04-30,47.3,33.1,1022.4,10.0,8.7,17.1,22.0,54.0,37.0,0.0,999.9,0,581
7,1,2016,5,2016-05-01,45.2,36.3,1024.0,9.7,6.1,13.0,999.9,55.0,37.0,0.0,999.9,0,484
1,2,2016,5,2016-05-02,51.3,48.0,1015.7,4.9,10.6,15.9,999.9,55.9,37.0,0.22,999.9,1,589
2,3,2016,5,2016-05-03,48.2,45.0,1011.7,8.2,9.0,14.0,999.9,54.0,46.4,0.04,999.9,0,711
3,4,2016,5,2016-05-04,47.3,43.5,1009.6,7.9,12.8,26.0,29.9,50.0,45.0,0.71,999.9,0,653
4,5,2016,5,2016-05-05,45.5,43.9,1003.7,5.9,21.5,26.0,35.0,50.0,45.0,0.52,999.9,0,626
5,6,2016,5,2016-05-06,48.5,43.5,1006.6,9.4,16.5,27.0,36.9,53.1,44.1,0.93,999.9,0,728
6,7,2016,5,2016-05-07,52.5,48.8,1008.9,5.1,8.1,14.0,21.0,66.0,44.1,0.0,999.9,1,571
7,8,2016,5,2016-05-08,48.5,46.1,1005.4,2.9,9.6,14.0,999.9,66.0,45.0,0.0,999.9,1,591
1,9,2016,5,2016-05-09,54.0,40.6,1013.2,10.0,13.8,22.9,29.9,61.0,45.0,0.01,999.9,0,646
2,10,2016,5,2016-05-10,51.9,38.2,1020.6,10.0,9.0,17.1,999.9,61.0,39.9,0.0,999.9,0,608
3,11,2016,5,2016-05-11,55.6,42.2,1020.2,10.0,7.6,12.0,999.9,66.0,39.9,0.0,999.9,0,699
4,12,2016,5,2016-05-12,55.2,45.5,1020.0,9.4,4.4,8.9,999.9,68.0,42.1,0.0,999.9,0,744
5,13,2016,5,2016-05-13,55.5,51.7,1014.8,6.6,8.3,14.0,999.9,68.0,42.1,0.0,999.9,1,766
6,14,2016,5,2016-05-14,59.4,54.0,1006.2,6.9,8.1,12.0,999.9,70.0,45.0,0.1,999.9,1,589
7,15,2016,5,2016-05-15,55.7,46.4,1004.0,8.9,16.3,24.1,35.9,70.0,52.0,0.09,999.9,0,510
1,16,2016,5,2016-05-16,50.8,31.4,1012.1,10.0,19.8,28.9,36.9,60.1,46.0,0.0,999.9,0,742
2,17,2016,5,2016-05-17,55.0,44.5,1019.8,10.0,11.9,18.1,24.1,63.0,46.0,0.0,999.9,0,624
3,18,2016,5,2016-05-18,55.5,45.2,1019.6,10.0,11.0,21.0,27.0,63.0,48.0,0.06,999.9,0,676
4,19,2016,5,2016-05-19,53.9,44.5,1019.1,10.0,6.7,12.0,15.0,63.0,45.0,0.05,999.9,0,694
5,20,2016,5,2016-05-20,56.4,47.9,1021.7,10.0,6.6,12.0,999.9,70.0,46.0,0.0,999.9,0,782
6,21,2016,5,2016-05-21,55.7,48.8,1021.0,9.7,6.5,9.9,999.9,70.0,46.0,0.0,999.9,0,568
7,22,2016,5,2016-05-22,56.3,52.2,1009.8,9.0,14.2,21.0,28.9,62.1,46.9,0.07,999.9,0,571
1,23,2016,5,2016-05-23,59.4,50.3,1011.9,10.0,9.6,15.9,999.9,72.0,52.0,0.03,999.9,0,652
2,24,2016,5,2016-05-24,54.6,52.0,1011.7,4.4,10.7,15.9,18.1,72.0,51.1,0.0,999.9,1,695
3,25,2016,5,2016-05-25,57.9,53.4,1015.7,7.7,8.7,14.0,999.9,64.0,51.1,0.01,999.9,0,733
4,26,2016,5,2016-05-26,65.7,53.9,1018.1,9.7,7.7,15.0,21.0,78.1,54.0,0.0,999.9,0,742
5,27,2016,5,2016-05-27,60.0,55.8,1020.0,6.5,8.2,12.0,999.9,78.1,55.9,0.0,999.9,1,767
6,28,2016,5,2016-05-28,62.5,57.3,1020.2,9.2,11.6,17.1,24.1,68.0,55.9,0.0,999.9,0,627
7,29,2016,5,2016-05-29,64.6,58.2,1021.1,10.0,7.7,13.0,999.9,75.0,59.0,0.0,999.9,0,566
1,30,2016,5,2016-05-30,62.4,60.5,1017.0,2.0,9.0,17.1,22.0,75.0,59.0,0.01,999.9,1,471
2,31,2016,5,2016-05-31,62.8,60.6,1014.4,4.9,10.1,19.0,24.1,70.0,60.1,0.03,999.9,1,760
3,1,2016,6,2016-06-01,64.0,56.4,1018.2,7.6,9.1,15.9,22.0,73.0,57.0,0.05,999.9,1,772
4,2,2016,6,2016-06-02,55.7,53.5,1021.8,6.8,9.3,13.0,15.0,73.0,52.0,0.01,999.9,1,683
5,3,2016,6,2016-06-03,58.4,55.9,1018.3,7.8,6.7,9.9,999.9,64.4,55.0,0.0,999.9,0,710
6,4,2016,6,2016-06-04,60.2,58.0,1015.6,4.2,5.3,9.9,999.9,73.9,54.0,0.0,999.9,1,635
7,5,2016,6,2016-06-05,58.4,56.9,1012.4,3.4,10.3,19.0,26.0,73.9,54.0,0.0,999.9,1,466
1,6,2016,6,2016-06-06,62.9,61.1,1004.2,3.9,12.3,22.0,32.1,69.1,55.0,1.79,999.9,1,758
2,7,2016,6,2016-06-07,61.2,59.8,1002.7,3.8,8.7,14.0,999.9,69.1,59.0,0.0,999.9,1,709
3,8,2016,6,2016-06-08,61.7,55.2,998.6,8.4,12.6,22.0,28.0,66.9,57.9,0.0,999.9,1,763
4,9,2016,6,2016-06-09,59.9,46.7,1003.8,10.0,16.7,22.0,32.1,68.0,54.0,0.01,999.9,0,686
5,10,2016,6,2016-06-10,59.2,45.1,1011.3,10.0,10.6,17.1,22.9,68.0,53.1,0.0,999.9,0,818
6,11,2016,6,2016-06-11,58.1,53.3,1014.9,9.8,9.6,17.1,20.0,64.0,53.1,0.0,999.9,0,584
7,12,2016,6,2016-06-12,66.0,56.0,1001.7,7.3,12.5,19.0,31.1,81.0,55.0,0.06,999.9,0,587
1,13,2016,6,2016-06-13,61.5,47.2,1004.4,10.0,13.3,22.0,28.0,81.0,54.0,0.0,999.9,0,646
2,14,2016,6,2016-06-14,62.2,50.0,1008.3,10.0,12.9,18.1,26.0,72.0,54.0,0.0,999.9,0,717
3,15,2016,6,2016-06-15,63.7,55.0,1011.7,10.0,8.9,14.0,999.9,73.9,55.0,0.0,999.9,0,739
4,16,2016,6,2016-06-16,65.2,56.3,1009.1,10.0,6.6,14.0,21.0,73.9,55.0,0.0,999.9,0,689
5,17,2016,6,2016-06-17,63.0,51.5,1012.4,10.0,7.4,12.0,999.9,73.0,55.9,0.0,999.9,0,748
6,18,2016,6,2016-06-18,62.6,53.5,1021.7,10.0,7.3,11.1,999.9,73.0,53.1,0.0,999.9,0,700
7,19,2016,6,2016-06-19,59.9,51.5,1027.6,10.0,9.8,14.0,999.9,73.0,53.1,0.0,999.9,0,559
1,20,2016,6,2016-06-20,61.4,55.9,1022.8,10.0,8.6,12.0,999.9,66.9,54.0,0.0,999.9,0,745
2,21,2016,6,2016-06-21,63.6,59.9,1010.5,7.4,12.2,17.1,27.0,69.1,57.0,0.13,999.9,0,681
3,22,2016,6,2016-06-22,65.6,60.2,1009.3,7.2,7.9,15.9,21.0,71.1,55.9,0.09,999.9,0,751
4,23,2016,6,2016-06-23,63.0,59.4,1012.3,8.3,7.0,11.1,999.9,71.1,55.9,0.0,999.9,1,643
5,24,2016,6,2016-06-24,65.3,56.6,1015.9,8.8,7.8,15.0,999.9,75.0,57.0,0.0,999.9,0,811
6,25,2016,6,2016-06-25,62.1,52.1,1021.7,10.0,8.0,12.0,18.1,75.0,53.1,0.0,999.9,0,688
7,26,2016,6,2016-06-26,60.8,49.4,1023.3,10.0,5.7,8.9,999.9,71.1,50.0,0.0,999.9,0,582
1,27,2016,6,2016-06-27,64.3,58.3,1020.6,10.0,9.3,14.0,999.9,71.1,50.0,0.0,999.9,0,718
2,28,2016,6,2016-06-28,66.1,64.0,1017.2,7.5,8.1,11.1,999.9,71.1,60.1,0.0,999.9,1,675
3,29,2016,6,2016-06-29,67.2,64.8,1012.9,7.2,7.5,12.0,999.9,72.0,64.0,0.0,999.9,1,687
4,30,2016,6,2016-06-30,68.9,63.6,1014.4,5.9,6.4,9.9,999.9,77.0,63.0,0.0,999.9,1,761
5,1,2016,7,2016-07-01,66.9,63.6,1017.1,7.8,8.7,17.1,999.9,77.0,61.0,0.0,999.9,1,752
6,2,2016,7,2016-07-02,69.4,62.8,1011.9,7.2,11.8,22.0,33.0,75.9,61.0,0.76,999.9,1,570
7,3,2016,7,2016-07-03,67.2,58.0,1017.1,10.0,9.6,14.0,999.9,75.9,55.9,0.0,999.9,0,448
1,4,2016,7,2016-07-04,68.4,62.6,1017.2,9.9,11.7,15.0,999.9,75.9,55.9,0.0,999.9,0,488
2,5,2016,7,2016-07-05,67.1,65.3,1009.7,6.2,9.2,15.0,999.9,75.9,64.0,0.62,999.9,1,663
3,6,2016,7,2016-07-06,71.8,65.3,1009.9,8.6,6.5,13.0,999.9,81.0,64.0,1.5,999.9,1,680
4,7,2016,7,2016-07-07,68.7,66.7,1010.4,4.1,5.9,8.9,999.9,81.0,64.0,0.0,999.9,1,603
5,8,2016,7,2016-07-08,65.7,64.2,1009.2,3.2,10.0,21.0,27.0,70.0,60.8,0.32,999.9,1,612
6,9,2016,7,2016-07-09,61.7,58.6,1011.6,6.5,10.8,13.0,999.9,70.0,59.0,0.62,999.9,0,498
7,10,2016,7,2016-07-10,63.0,60.1,1010.6,6.8,7.7,11.1,999.9,70.0,59.0,0.1,999.9,1,508
1,11,2016,7,2016-07-11,63.1,58.4,1016.8,9.9,4.9,7.0,999.9,70.0,55.0,0.01,999.9,0,618
2,12,2016,7,2016-07-12,66.7,61.2,1019.1,10.0,7.3,13.0,999.9,78.1,55.0,0.0,999.9,0,662
3,13,2016,7,2016-07-13,67.2,63.3,1019.3,10.0,9.2,14.0,999.9,78.1,57.9,0.0,999.9,0,607
4,14,2016,7,2016-07-14,69.1,65.9,1016.0,9.3,10.9,18.1,22.0,75.0,64.0,0.0,999.9,0,741
5,15,2016,7,2016-07-15,70.7,67.9,1011.3,5.2,9.6,14.0,21.0,75.0,66.0,0.0,999.9,1,798
6,16,2016,7,2016-07-16,73.5,67.3,1015.4,7.0,6.4,9.9,999.9,84.9,66.9,0.0,999.9,0,623
7,17,2016,7,2016-07-17,70.6,68.7,1019.1,4.1,6.6,11.1,999.9,84.9,66.9,0.0,999.9,1,574
1,18,2016,7,2016-07-18,71.1,69.0,1018.1,4.1,10.1,15.9,24.1,75.9,66.0,0.0,999.9,1,725
2,19,2016,7,2016-07-19,73.8,65.7,1015.8,8.3,10.1,15.0,25.1,81.0,66.9,0.0,999.9,0,699
3,20,2016,7,2016-07-20,68.3,55.6,1020.9,10.0,6.9,13.0,999.9,81.0,60.1,0.0,999.9,0,698
4,21,2016,7,2016-07-21,70.4,63.4,1020.2,10.0,7.4,12.0,999.9,80.1,60.1,0.0,999.9,0,731
5,22,2016,7,2016-07-22,72.4,68.4,1014.3,9.0,13.5,18.1,24.1,80.1,61.0,0.0,999.9,0,769
6,23,2016,7,2016-07-23,74.3,68.6,1008.6,7.3,12.0,21.0,29.9,82.0,68.0,1.03,999.9,0,650
7,24,2016,7,2016-07-24,73.2,63.2,1012.8,10.0,8.7,21.0,25.1,82.0,64.9,0.0,999.9,0,566
1,25,2016,7,2016-07-25,71.5,68.8,1014.0,9.9,8.7,14.0,999.9,80.1,64.9,0.0,999.9,0,698
2,26,2016,7,2016-07-26,75.3,69.3,1009.6,9.0,12.1,15.9,22.9,82.0,68.0,0.0,999.9,0,688
3,27,2016,7,2016-07-27,75.4,66.3,1012.4,10.0,7.0,9.9,999.9,82.0,70.0,0.0,999.9,0,690
4,28,2016,7,2016-07-28,72.2,69.0,1013.1,9.7,7.2,11.1,999.9,81.0,68.0,0.0,999.9,0,709
5,29,2016,7,2016-07-29,70.8,68.3,1011.1,6.0,5.8,14.0,999.9,78.1,66.9,0.0,999.9,1,774
6,30,2016,7,2016-07-30,70.8,66.9,1015.0,9.0,5.3,9.9,999.9,78.1,64.9,0.81,999.9,0,599
7,31,2016,7,2016-07-31,67.5,64.8,1018.4,6.7,6.8,11.1,999.9,72.0,64.4,0.0,999.9,1,529
1,1,2016,8,2016-08-01,68.2,62.4,1018.3,9.3,9.2,14.0,999.9,75.0,64.0,0.55,999.9,0,569
2,2,2016,8,2016-08-02,66.9,61.9,1018.6,9.7,8.4,14.0,999.9,75.0,61.0,0.11,999.9,0,602
3,3,2016,8,2016-08-03,67.4,60.0,1020.7,10.0,7.7,14.0,999.9,73.9,61.0,0.0,999.9,0,687
4,4,2016,8,2016-08-04,64.2,57.8,1021.4,10.0,4.6,9.9,999.9,73.9,55.9,0.0,999.9,0,715
5,5,2016,8,2016-08-05,65.3,60.4,1017.2,9.3,5.0,9.9,999.9,73.9,55.0,0.0,999.9,1,700
6,6,2016,8,2016-08-06,71.3,67.5,1009.4,9.8,10.7,15.0,999.9,75.9,55.0,0.0,999.9,0,578
7,7,2016,8,2016-08-07,74.2,65.0,1009.0,8.1,9.9,13.0,999.9,82.0,66.9,0.0,999.9,1,540
1,8,2016,8,2016-08-08,71.3,61.3,1015.4,10.0,6.3,9.9,999.9,82.0,62.1,0.0,999.9,0,632
2,9,2016,8,2016-08-09,71.5,64.7,1021.5,10.0,6.6,8.9,27.0,80.1,62.1,0.0,999.9,0,650
3,10,2016,8,2016-08-10,70.6,67.2,1023.2,9.9,8.6,14.0,999.9,80.1,64.0,0.0,999.9,0,618
4,11,2016,8,2016-08-11,73.6,71.8,1018.5,4.7,11.1,15.9,999.9,79.0,66.9,0.05,999.9,1,672
5,12,2016,8,2016-08-12,74.3,72.2,1012.8,4.5,12.3,18.1,24.1,79.0,71.1,0.0,999.9,1,729
6,13,2016,8,2016-08-13,75.9,73.3,1012.7,5.4,9.2,14.0,999.9,82.9,71.1,0.0,999.9,1,614
7,14,2016,8,2016-08-14,75.3,73.3,1013.5,4.6,9.9,15.0,19.0,80.1,69.8,0.01,999.9,1,521
1,15,2016,8,2016-08-15,77.5,69.4,1017.9,8.8,8.5,14.0,19.0,84.0,70.0,0.0,999.9,0,643
2,16,2016,8,2016-08-16,73.1,69.0,1022.3,10.0,7.9,12.0,999.9,84.0,66.9,0.0,999.9,0,644
3,17,2016,8,2016-08-17,76.5,70.0,1014.4,8.4,14.7,21.0,28.0,82.0,70.0,0.0,999.9,0,658
4,18,2016,8,2016-08-18,71.5,65.7,1015.5,9.9,6.1,12.0,999.9,82.0,64.9,0.0,999.9,0,635
5,19,2016,8,2016-08-19,74.4,65.7,1013.3,10.0,8.2,14.0,999.9,81.0,64.9,0.0,999.9,0,707
6,20,2016,8,2016-08-20,69.1,62.1,1015.2,10.0,8.5,13.0,999.9,81.0,63.0,0.0,999.9,0,579
7,21,2016,8,2016-08-21,68.3,63.6,1014.5,9.6,9.0,13.0,999.9,75.9,63.0,0.0,999.9,0,512
1,22,2016,8,2016-08-22,73.8,66.7,1011.0,6.7,10.4,15.0,19.0,81.0,63.0,0.47,999.9,1,669
2,23,2016,8,2016-08-23,69.0,52.6,1023.1,10.0,10.4,18.1,26.0,81.0,64.0,0.01,999.9,0,637
3,24,2016,8,2016-08-24,70.1,63.3,1024.3,10.0,8.5,12.0,999.9,77.0,63.0,0.0,999.9,0,635
4,25,2016,8,2016-08-25,71.7,66.5,1020.5,10.0,10.4,14.0,999.9,77.0,63.0,0.0,999.9,0,659
5,26,2016,8,2016-08-26,73.4,70.0,1016.1,9.7,10.1,12.0,999.9,79.0,68.0,0.0,999.9,0,756
6,27,2016,8,2016-08-27,74.4,64.2,1020.3,7.7,8.3,14.0,999.9,81.0,66.9,0.0,999.9,1,624
7,28,2016,8,2016-08-28,67.7,61.7,1024.1,8.7,5.8,12.0,999.9,81.0,57.9,0.0,999.9,1,559
1,29,2016,8,2016-08-29,72.5,66.3,1019.0,9.8,9.5,15.9,22.0,82.9,57.9,0.0,999.9,0,673
2,30,2016,8,2016-08-30,67.7,59.2,1020.0,10.0,6.1,8.9,999.9,82.9,59.0,0.0,999.9,0,622
3,31,2016,8,2016-08-31,70.4,65.7,1016.0,10.0,9.1,12.0,999.9,75.9,59.0,0.0,999.9,0,661
4,1,2016,9,2016-09-01,71.5,67.0,1011.2,9.7,6.8,8.9,999.9,77.0,66.9,0.0,999.9,0,675
5,2,2016,9,2016-09-02,69.2,63.2,1015.1,9.4,9.9,18.1,21.0,77.0,62.1,0.05,999.9,0,697
6,3,2016,9,2016-09-03,63.2,57.5,1022.0,10.0,5.7,9.9,999.9,75.0,55.9,0.0,999.9,0,498
7,4,2016,9,2016-09-04,65.3,57.4,1022.0,10.0,12.7,21.0,28.9,73.0,55.9,0.0,999.9,0,466
1,5,2016,9,2016-09-05,64.0,59.8,1017.8,7.0,23.8,34.0,49.0,73.0,59.0,0.0,999.9,0,419
2,6,2016,9,2016-09-06,69.9,65.8,1014.3,7.9,15.2,22.0,31.1,75.9,62.1,1.25,999.9,0,626
3,7,2016,9,2016-09-07,70.3,66.8,1016.3,8.4,13.1,18.1,26.0,77.0,64.9,0.01,999.9,0,648
4,8,2016,9,2016-09-08,68.5,66.8,1012.0,6.3,9.0,13.0,999.9,77.0,66.0,0.01,999.9,1,717
5,9,2016,9,2016-09-09,71.4,68.3,1011.2,5.9,10.3,13.0,999.9,79.0,66.0,0.16,999.9,1,715
6,10,2016,9,2016-09-10,71.9,67.0,1016.5,6.7,7.0,14.0,999.9,79.0,68.0,0.0,999.9,1,598
7,11,2016,9,2016-09-11,71.3,67.8,1015.3,6.4,11.9,19.0,24.1,78.1,64.9,0.0,999.9,1,538
1,12,2016,9,2016-09-12,65.1,52.1,1021.9,10.0,7.9,15.9,999.9,78.1,55.9,0.0,999.9,0,648
2,13,2016,9,2016-09-13,64.1,55.9,1023.0,10.0,8.9,13.0,999.9,71.1,55.9,0.0,999.9,0,779
3,14,2016,9,2016-09-14,68.4,61.8,1018.3,10.0,12.4,17.1,22.9,73.9,57.9,0.0,999.9,0,779
4,15,2016,9,2016-09-15,64.5,53.4,1022.0,10.0,14.4,22.9,29.9,73.9,53.1,0.0,999.9,0,757
5,16,2016,9,2016-09-16,57.7,47.7,1026.5,10.0,6.4,9.9,15.0,66.9,48.0,0.0,999.9,0,780
6,17,2016,9,2016-09-17,62.6,57.6,1024.5,9.7,6.0,12.0,999.9,73.0,48.0,0.0,999.9,0,646
7,18,2016,9,2016-09-18,70.6,67.3,1019.6,9.3,11.1,14.0,999.9,75.0,66.9,0.0,999.9,0,535
1,19,2016,9,2016-09-19,71.0,68.8,1018.7,7.6,8.1,14.0,20.0,75.0,68.0,0.0,999.9,0,680
2,20,2016,9,2016-09-20,71.1,69.3,1019.3,8.7,5.6,11.1,999.9,75.0,66.0,0.22,999.9,0,619
3,21,2016,9,2016-09-21,70.0,64.4,1020.2,5.3,6.4,12.0,999.9,77.0,62.1,0.07,999.9,1,621
4,22,2016,9,2016-09-22,67.2,57.8,1020.9,10.0,3.7,7.0,999.9,79.0,57.9,0.0,999.9,0,660
5,23,2016,9,2016-09-23,66.3,62.1,1016.5,9.5,5.8,12.0,999.9,79.0,55.9,0.0,999.9,1,812
6,24,2016,9,2016-09-24,60.7,49.5,1017.5,10.0,12.7,18.1,24.1,75.9,50.0,0.07,999.9,0,612
7,25,2016,9,2016-09-25,57.6,39.4,1018.8,10.0,10.8,17.1,24.1,66.0,48.0,0.0,999.9,0,572
1,26,2016,9,2016-09-26,55.2,41.1,1021.6,10.0,5.3,8.9,999.9,64.9,44.1,0.0,999.9,0,623
2,27,2016,9,2016-09-27,65.4,59.8,1015.4,7.1,11.0,17.1,24.1,66.9,60.1,0.01,999.9,0,659
3,28,2016,9,2016-09-28,63.1,60.7,1018.8,5.7,11.3,21.0,27.0,66.2,60.1,1.0,999.9,0,637
4,29,2016,9,2016-09-29,60.0,54.9,1027.1,9.3,17.8,21.0,28.9,64.9,57.9,0.01,999.9,0,624
5,30,2016,9,2016-09-30,60.1,54.5,1028.7,7.8,15.6,20.0,28.9,63.0,57.9,0.01,999.9,0,872
6,1,2016,10,2016-10-01,62.0,60.2,1021.1,1.7,14.0,19.0,28.0,64.9,59.0,1.63,999.9,1,581
7,2,2016,10,2016-10-02,61.3,59.2,1017.8,4.4,9.0,12.0,999.9,64.9,59.0,1.22,999.9,1,486
1,3,2016,10,2016-10-03,60.5,56.1,1016.2,9.9,4.4,9.9,999.9,66.0,57.0,0.0,999.9,0,490
2,4,2016,10,2016-10-04,60.5,54.2,1023.5,9.7,12.4,20.0,27.0,66.0,55.9,0.01,999.9,0,523
3,5,2016,10,2016-10-05,58.7,53.2,1026.1,10.0,12.9,17.1,20.0,62.1,55.4,0.0,999.9,0,695
4,6,2016,10,2016-10-06,57.3,50.9,1025.6,10.0,5.8,8.9,999.9,66.0,48.9,0.0,999.9,0,764
5,7,2016,10,2016-10-07,55.6,49.7,1025.3,6.9,2.7,8.0,999.9,70.0,44.1,0.0,999.9,1,754
6,8,2016,10,2016-10-08,58.7,55.5,1020.5,8.5,7.7,14.0,999.9,70.0,44.1,0.0,999.9,1,633
7,9,2016,10,2016-10-09,62.2,59.7,1013.8,6.4,13.8,36.9,48.0,69.1,46.9,0.0,999.9,0,480
1,10,2016,10,2016-10-10,54.1,43.8,1016.8,8.0,24.8,36.9,49.0,57.0,51.8,3.76,999.9,0,539
2,11,2016,10,2016-10-11,54.3,42.2,1029.0,10.0,10.1,15.0,20.0,60.1,46.9,0.03,999.9,0,739
3,12,2016,10,2016-10-12,52.8,46.7,1028.3,10.0,5.2,8.9,999.9,63.0,42.1,0.0,999.9,0,498
4,13,2016,10,2016-10-13,59.6,56.6,1020.1,9.9,7.3,11.1,999.9,66.9,42.1,0.0,999.9,0,757
5,14,2016,10,2016-10-14,55.9,45.7,1022.4,10.0,14.2,21.0,27.0,66.9,48.0,0.0,999.9,0,767
6,15,2016,10,2016-10-15,50.5,38.8,1029.1,10.0,6.2,9.9,999.9,60.1,41.0,0.0,999.9,0,641
7,16,2016,10,2016-10-16,55.2,47.6,1023.1,10.0,9.3,19.0,999.9,66.0,39.9,0.0,999.9,0,503
1,17,2016,10,2016-10-17,64.5,59.0,1013.4,8.4,10.0,17.1,999.9,72.0,60.1,0.0,999.9,0,585
2,18,2016,10,2016-10-18,63.8,61.6,1014.1,4.6,6.8,14.0,999.9,73.9,59.0,0.0,999.9,1,590
3,19,2016,10,2016-10-19,65.6,62.5,1013.9,6.4,11.2,15.0,999.9,71.1,59.0,0.0,999.9,0,676
4,20,2016,10,2016-10-20,60.4,54.3,1021.3,9.1,10.5,19.0,24.1,71.1,52.0,0.0,999.9,1,662
5,21,2016,10,2016-10-21,64.6,62.1,1010.7,6.0,12.9,18.1,24.1,70.0,52.0,0.01,999.9,1,851
6,22,2016,10,2016-10-22,61.3,58.9,993.1,3.5,12.2,27.0,36.9,70.0,50.0,0.01,999.9,1,629
7,23,2016,10,2016-10-23,53.7,35.4,1003.0,10.0,21.3,29.9,45.1,64.0,50.0,0.01,999.9,0,534
1,24,2016,10,2016-10-24,57.5,41.6,1009.5,9.9,12.5,20.0,27.0,61.0,50.0,0.07,999.9,0,573
2,25,2016,10,2016-10-25,49.1,29.5,1017.6,10.0,14.1,19.0,28.0,61.0,45.0,0.0,999.9,0,566
3,26,2016,10,2016-10-26,44.7,28.1,1025.3,10.0,14.9,19.0,27.0,53.1,41.0,0.0,999.9,0,706
4,27,2016,10,2016-10-27,46.5,36.4,1029.3,9.8,8.2,15.0,22.0,52.0,39.9,0.0,999.9,0,831
5,28,2016,10,2016-10-28,51.8,46.3,1015.4,7.7,18.6,27.0,38.1,59.0,39.9,0.78,999.9,0,798
6,29,2016,10,2016-10-29,51.0,44.8,1015.3,8.8,15.8,26.0,38.1,59.0,46.0,0.01,999.9,0,614
7,30,2016,10,2016-10-30,61.1,52.4,1010.9,9.3,11.0,15.9,22.9,69.1,46.9,0.0,999.9,0,557
1,31,2016,10,2016-10-31,48.3,41.9,1018.8,8.2,12.5,19.0,26.0,52.0,42.1,0.49,999.9,0,655
2,1,2016,11,2016-11-01,46.2,37.1,1027.3,10.0,4.4,8.0,999.9,53.1,34.0,0.01,999.9,0,732
3,2,2016,11,2016-11-02,55.9,49.9,1024.1,10.0,9.9,15.9,999.9,63.0,34.0,0.0,999.9,0,665
4,3,2016,11,2016-11-03,58.8,56.2,1014.6,5.1,8.4,15.0,21.0,63.0,51.1,0.0,999.9,1,689
5,4,2016,11,2016-11-04,53.6,44.3,1015.1,10.0,12.1,17.1,22.9,63.0,48.9,0.0,999.9,0,777
6,5,2016,11,2016-11-05,47.8,33.6,1020.6,10.0,7.9,13.0,999.9,55.9,36.0,0.0,999.9,0,626
7,6,2016,11,2016-11-06,49.9,42.3,1019.1,9.0,10.5,20.0,28.9,55.9,36.0,0.0,999.9,0,532
1,7,2016,11,2016-11-07,47.4,36.7,1026.2,9.6,18.8,25.1,31.1,54.0,43.0,0.35,999.9,0,699
2,8,2016,11,2016-11-08,47.2,38.2,1020.5,10.0,7.1,11.1,999.9,57.0,39.0,0.0,999.9,0,620
3,9,2016,11,2016-11-09,51.6,46.1,1009.9,8.8,4.6,8.9,999.9,61.0,39.0,0.0,999.9,1,541
4,10,2016,11,2016-11-10,49.4,40.5,1011.2,10.0,10.9,19.0,27.0,61.0,44.1,0.0,999.9,0,706
5,11,2016,11,2016-11-11,54.9,41.0,1003.5,10.0,16.0,24.1,34.0,63.0,46.9,0.0,999.9,0,665
6,12,2016,11,2016-11-12,42.1,25.4,1019.6,10.0,13.9,22.0,29.9,46.0,39.0,0.0,999.9,0,603
7,13,2016,11,2016-11-13,51.3,36.2,1017.2,10.0,14.2,21.0,28.0,57.0,37.9,0.0,999.9,0,518
1,14,2016,11,2016-11-14,54.4,44.6,1015.9,9.6,10.8,15.0,999.9,62.1,46.9,0.0,999.9,0,668
2,15,2016,11,2016-11-15,54.8,50.1,1014.2,8.6,9.9,19.0,27.0,62.1,46.9,0.0,999.9,0,741
3,16,2016,11,2016-11-16,54.4,49.5,1006.4,8.0,12.8,25.1,32.1,59.0,51.1,0.5,999.9,0,705
4,17,2016,11,2016-11-17,48.6,43.0,1011.2,9.6,8.4,15.0,24.1,57.0,41.0,0.0,999.9,0,707
5,18,2016,11,2016-11-18,50.9,44.1,1014.8,10.0,18.0,22.9,28.9,55.0,41.0,0.0,999.9,0,776
6,19,2016,11,2016-11-19,50.1,47.2,1012.9,6.6,12.3,17.1,25.1,54.0,48.0,0.0,999.9,0,692
7,20,2016,11,2016-11-20,47.0,42.3,996.0,5.5,14.4,27.0,36.9,50.0,41.0,0.13,999.9,1,529
1,21,2016,11,2016-11-21,38.8,23.3,998.3,10.0,21.2,27.0,39.0,51.1,37.0,0.07,999.9,0,684
2,22,2016,11,2016-11-22,37.7,21.4,1009.0,10.0,15.1,24.1,33.0,43.0,34.0,0.0,999.9,0,765
3,23,2016,11,2016-11-23,37.1,23.3,1019.9,10.0,12.0,19.0,25.1,44.1,30.9,0.0,999.9,0,807
4,24,2016,11,2016-11-24,42.2,34.3,1025.6,10.0,6.0,9.9,15.0,48.9,30.0,0.0,999.9,0,428
5,25,2016,11,2016-11-25,48.6,43.1,1023.9,10.0,6.9,12.0,999.9,51.1,34.0,0.0,999.9,0,455
6,26,2016,11,2016-11-26,47.0,45.0,1018.2,6.8,6.3,14.0,999.9,48.9,41.0,0.0,999.9,1,463
7,27,2016,11,2016-11-27,43.4,34.6,1014.3,10.0,13.2,18.1,24.1,48.9,39.9,0.05,999.9,0,466
1,28,2016,11,2016-11-28,39.5,26.7,1019.2,10.0,11.2,19.0,25.1,46.9,33.1,0.0,999.9,0,647
2,29,2016,11,2016-11-29,43.8,38.5,1021.7,8.5,9.7,20.0,27.0,53.6,33.1,0.0,999.9,0,752
3,30,2016,11,2016-11-30,52.9,51.3,1013.1,4.1,12.6,22.9,33.0,57.2,48.2,1.05,999.9,1,730
4,1,2016,12,2016-12-01,53.4,49.7,1003.2,6.6,15.6,22.0,29.9,57.0,48.9,0.1,999.9,1,734
5,2,2016,12,2016-12-02,46.4,32.8,1007.7,10.0,12.9,19.0,28.0,57.0,43.0,0.06,999.9,0,690
6,3,2016,12,2016-12-03,43.8,28.3,1009.8,10.0,15.1,19.0,28.0,50.0,39.9,0.0,999.9,0,592
7,4,2016,12,2016-12-04,38.2,24.3,1019.2,10.0,14.6,22.9,33.0,48.0,34.0,0.0,999.9,0,482
1,5,2016,12,2016-12-05,37.9,30.9,1018.6,9.5,6.6,15.0,18.1,46.9,26.1,0.0,999.9,0,791
2,6,2016,12,2016-12-06,41.7,31.3,1017.0,10.0,11.9,20.0,28.9,46.9,30.9,0.02,999.9,0,711
3,7,2016,12,2016-12-07,42.8,37.1,1013.5,8.8,7.6,11.1,19.0,46.0,39.0,0.14,999.9,0,637
4,8,2016,12,2016-12-08,42.7,35.1,1012.7,9.8,6.4,15.0,22.9,46.9,37.0,0.02,999.9,0,635
5,9,2016,12,2016-12-09,36.6,19.2,1013.3,10.0,15.4,20.0,28.9,46.9,34.0,0.0,999.9,0,701
6,10,2016,12,2016-12-10,28.2,9.9,1023.9,10.0,12.8,18.1,22.0,39.9,24.1,0.0,999.9,0,555
7,11,2016,12,2016-12-11,29.9,13.3,1031.6,10.0,7.5,12.0,15.9,36.0,24.1,0.0,999.9,0,522
1,12,2016,12,2016-12-12,43.6,40.4,1015.5,6.5,14.2,24.1,34.0,53.1,25.0,0.16,999.9,0,665
2,13,2016,12,2016-12-13,39.7,26.9,1017.1,9.8,9.7,18.1,24.1,53.1,35.1,0.83,999.9,0,630
3,14,2016,12,2016-12-14,41.2,31.1,1013.7,9.8,8.2,15.9,22.0,44.1,35.1,0.0,999.9,0,689
4,15,2016,12,2016-12-15,29.8,14.0,1008.6,8.8,13.8,27.0,38.1,44.1,19.9,0.01,999.9,1,749
5,16,2016,12,2016-12-16,18.2,-2.1,1023.1,10.0,17.8,32.1,49.0,23.0,12.9,0.0,999.9,0,792
6,17,2016,12,2016-12-17,36.2,31.3,1023.4,5.9,11.5,24.1,32.1,52.0,12.0,0.05,999.9,0,623
7,18,2016,12,2016-12-18,49.8,48.0,1012.5,2.5,13.2,26.0,35.0,57.0,43.0,0.48,999.9,1,521
1,19,2016,12,2016-12-19,35.3,22.9,1032.7,9.9,14.1,21.0,26.0,57.9,30.0,0.0,999.9,0,722
2,20,2016,12,2016-12-20,34.8,25.3,1033.2,10.0,7.0,13.0,999.9,41.0,30.0,0.0,999.9,0,719
3,21,2016,12,2016-12-21,38.8,29.0,1019.7,10.0,9.7,15.0,18.1,43.0,30.0,0.0,999.9,0,676
4,22,2016,12,2016-12-22,38.9,32.3,1017.7,10.0,6.5,15.0,999.9,46.0,27.0,0.0,999.9,0,700
5,23,2016,12,2016-12-23,39.0,28.8,1023.3,10.0,12.7,18.1,24.1,46.0,27.0,0.0,999.9,0,692
6,24,2016,12,2016-12-24,44.1,39.3,1024.7,8.2,10.7,21.0,28.9,48.9,36.0,0.0,999.9,0,554
7,25,2016,12,2016-12-25,40.4,30.7,1026.1,10.0,12.5,21.0,28.0,48.9,35.1,0.25,999.9,0,365
1,26,2016,12,2016-12-26,36.4,25.6,1038.3,10.0,10.2,15.0,999.9,46.0,28.9,0.0,999.9,0,394
2,27,2016,12,2016-12-27,49.8,46.9,1013.8,4.4,17.5,25.1,35.0,53.1,44.1,0.0,999.9,1,569
3,28,2016,12,2016-12-28,39.1,26.8,1014.2,10.0,9.8,17.1,22.0,53.1,34.0,0.06,999.9,0,546
4,29,2016,12,2016-12-29,37.3,29.4,1016.5,8.6,10.3,24.1,33.0,48.9,24.1,0.0,999.9,0,542
5,30,2016,12,2016-12-30,40.4,29.9,999.5,9.5,18.2,28.0,39.0,50.0,24.1,0.63,999.9,0,583
6,31,2016,12,2016-12-31,35.8,21.1,1016.6,10.0,14.1,22.9,35.0,44.1,30.0,0.0,999.9,0,465
7,1,2017,1,2017-01-01,44.4,33.6,1017.4,9.0,13.4,18.1,27.0,48.0,39.0,0.03,999.9,0,485
1,2,2017,1,2017-01-02,37.4,28.7,1032.0,10.0,7.1,12.0,999.9,50.0,26.1,0.03,999.9,0,449
2,3,2017,1,2017-01-03,44.3,40.7,1020.7,5.4,15.2,21.0,31.1,48.9,42.1,0.11,999.9,0,659
3,4,2017,1,2017-01-04,46.5,43.7,996.4,6.2,13.6,21.0,28.0,53.1,42.1,0.87,999.9,1,590
4,5,2017,1,2017-01-05,36.4,19.7,1007.8,10.0,15.4,22.9,33.0,48.0,32.0,0.0,999.9,0,552
5,6,2017,1,2017-01-06,31.7,25.8,1015.2,6.1,8.9,13.0,999.9,41.0,28.9,0.03,999.9,1,600
6,7,2017,1,2017-01-07,31.3,24.9,1022.0,5.7,13.4,32.1,41.0,35.1,28.9,0.11,999.9,1,896
7,8,2017,1,2017-01-08,24.1,15.9,1021.1,6.1,19.5,34.0,42.9,33.1,19.0,0.37,999.9,1,406
1,9,2017,1,2017-01-09,18.3,5.7,1035.5,10.0,11.0,18.1,22.9,28.0,15.1,0.0,999.9,0,669
2,10,2017,1,2017-01-10,35.6,26.3,1037.4,10.0,13.6,20.0,999.9,42.1,15.1,0.0,999.9,0,597
3,11,2017,1,2017-01-11,45.0,40.9,1027.3,6.5,15.1,27.0,34.0,50.0,28.9,0.33,999.9,0,629
4,12,2017,1,2017-01-12,47.8,45.5,1021.7,5.4,12.6,19.0,24.1,53.1,42.1,0.42,999.9,0,646
5,13,2017,1,2017-01-13,46.8,37.5,1022.8,7.2,12.6,21.0,25.1,50.0,37.9,0.39,999.9,0,604
6,14,2017,1,2017-01-14,29.8,13.4,1035.9,10.0,10.2,18.1,25.1,50.0,25.0,0.0,999.9,0,495
7,15,2017,1,2017-01-15,33.6,24.8,1025.3,9.0,10.8,19.0,22.9,36.0,25.0,0.01,999.9,0,490
1,16,2017,1,2017-01-16,31.6,20.7,1029.0,10.0,6.2,15.0,18.1,43.0,21.0,0.0,999.9,0,477
2,17,2017,1,2017-01-17,40.0,30.9,1023.1,9.6,8.4,14.0,21.0,44.1,37.0,0.0,999.9,0,657
3,18,2017,1,2017-01-18,41.6,38.5,1015.9,4.5,13.8,19.0,24.1,44.1,36.0,0.26,999.9,0,549
4,19,2017,1,2017-01-19,40.7,36.9,1014.4,7.4,7.6,14.0,22.0,45.0,37.0,0.1,999.9,0,610
5,20,2017,1,2017-01-20,39.9,32.5,1015.5,10.0,4.3,9.9,999.9,45.0,37.0,0.0,999.9,0,605
6,21,2017,1,2017-01-21,42.3,37.5,1011.3,6.7,7.5,17.1,20.0,46.0,37.0,0.0,999.9,1,475
7,22,2017,1,2017-01-22,43.2,40.4,1008.1,4.5,8.4,15.0,21.0,53.1,39.0,0.0,999.9,1,411
1,23,2017,1,2017-01-23,40.9,34.4,1011.4,8.8,18.6,26.0,38.1,44.1,37.4,0.0,999.9,0,667
2,24,2017,1,2017-01-24,48.9,46.9,992.3,2.3,17.2,28.9,41.0,55.0,37.9,0.85,999.9,1,564
3,25,2017,1,2017-01-25,41.1,35.1,995.2,8.5,17.4,24.1,33.0,55.0,37.9,0.4,999.9,0,576
4,26,2017,1,2017-01-26,44.3,39.9,997.4,9.0,9.7,18.1,24.1,50.0,37.9,0.02,999.9,0,563
5,27,2017,1,2017-01-27,42.1,29.8,997.8,9.9,20.3,28.9,35.9,45.0,39.9,0.1,999.9,0,583
6,28,2017,1,2017-01-28,38.7,23.1,1000.8,10.0,18.3,25.1,33.0,45.0,36.0,0.0,999.9,0,501
7,29,2017,1,2017-01-29,38.0,26.4,1005.7,9.9,10.2,15.0,22.0,43.0,34.0,0.0,999.9,0,428
1,30,2017,1,2017-01-30,34.0,23.1,1006.1,9.7,6.5,15.0,22.0,43.0,24.1,0.0,999.9,0,545
2,31,2017,1,2017-01-31,28.1,14.6,1013.1,8.2,9.8,19.0,28.0,39.9,21.9,0.0,999.9,1,571
3,1,2017,2,2017-02-01,38.7,31.3,1011.6,9.7,10.5,21.0,27.0,45.0,21.9,0.0,999.9,0,574
4,2,2017,2,2017-02-02,37.7,24.2,1016.0,10.0,9.9,20.0,27.0,45.0,30.0,0.0,999.9,0,586
5,3,2017,2,2017-02-03,30.9,14.0,1020.2,10.0,9.0,14.0,19.0,44.1,26.1,0.0,999.9,0,609
6,4,2017,2,2017-02-04,28.4,10.8,1021.4,10.0,14.1,20.0,25.1,33.1,24.1,0.0,999.9,0,541
7,5,2017,2,2017-02-05,36.1,23.7,1018.7,9.5,11.5,17.1,22.0,44.1,24.1,0.0,999.9,0,429
1,6,2017,2,2017-02-06,37.5,21.0,1014.7,10.0,14.4,19.0,28.0,44.1,30.9,0.02,999.9,0,568
2,7,2017,2,2017-02-07,38.1,32.2,1017.1,8.4,9.2,22.0,29.9,46.9,25.0,0.0,999.9,0,626
3,8,2017,2,2017-02-08,46.2,43.9,1004.2,2.8,10.1,19.0,26.0,50.0,42.1,0.13,999.9,1,673
4,9,2017,2,2017-02-09,38.1,33.3,1000.6,7.0,17.8,40.0,53.0,51.1,24.1,0.01,999.9,1,507
5,10,2017,2,2017-02-10,21.0,9.1,1016.3,7.9,21.5,34.0,45.1,27.0,16.0,1.26,999.9,1,708
6,11,2017,2,2017-02-11,32.0,24.7,1017.1,8.4,10.0,18.1,22.9,41.0,16.0,0.01,999.9,0,511
7,12,2017,2,2017-02-12,35.6,32.1,1015.8,7.9,15.2,21.0,29.9,41.0,23.0,0.3,999.9,0,439
1,13,2017,2,2017-02-13,35.9,30.3,996.6,6.5,19.7,31.1,42.9,44.6,28.9,0.13,999.9,1,642
2,14,2017,2,2017-02-14,30.1,19.1,1009.9,10.0,15.1,28.0,40.0,33.1,26.6,0.0,999.9,0,688
3,15,2017,2,2017-02-15,36.6,32.7,1002.8,7.5,8.7,19.0,25.1,44.1,21.9,0.0,999.9,0,603
4,16,2017,2,2017-02-16,36.1,28.8,993.5,9.2,14.4,20.0,31.1,44.1,21.9,0.63,999.9,1,652
5,17,2017,2,2017-02-17,31.8,17.3,1004.0,10.0,14.0,19.0,27.0,39.0,26.1,0.0,999.9,0,680
6,18,2017,2,2017-02-18,37.0,26.6,1008.7,9.8,10.4,17.1,999.9,46.9,24.1,0.0,999.9,0,570
7,19,2017,2,2017-02-19,47.8,36.9,1005.4,9.5,13.9,17.1,24.1,57.0,41.0,0.0,999.9,0,438
1,20,2017,2,2017-02-20,41.9,29.5,1016.8,10.0,11.7,19.0,25.1,59.0,36.0,0.0,999.9,0,428
2,21,2017,2,2017-02-21,37.1,26.6,1026.3,10.0,6.9,12.0,999.9,46.0,30.0,0.0,999.9,0,483
3,22,2017,2,2017-02-22,40.6,35.2,1018.0,9.7,7.8,12.0,999.9,46.9,32.0,0.0,999.9,0,477
4,23,2017,2,2017-02-23,44.0,41.7,1012.7,5.2,8.2,14.0,999.9,48.9,37.0,0.0,999.9,1,581
5,24,2017,2,2017-02-24,47.5,44.3,1015.0,6.9,10.0,15.9,999.9,54.0,39.9,0.0,999.9,1,657
6,25,2017,2,2017-02-25,49.8,46.6,1010.5,6.5,10.1,15.9,999.9,57.9,44.1,0.0,999.9,1,573
7,26,2017,2,2017-02-26,43.0,31.2,1008.4,7.3,14.3,22.9,29.9,57.9,37.9,0.0,999.9,1,462
1,27,2017,2,2017-02-27,39.1,25.5,1026.8,10.0,13.2,19.0,28.0,48.0,30.0,0.0,999.9,0,540
2,28,2017,2,2017-02-28,44.2,39.9,1029.7,9.0,7.9,13.0,999.9,48.9,30.0,0.0,999.9,0,591
3,1,2017,3,2017-03-01,47.4,45.8,1007.0,2.0,11.5,24.1,29.9,52.0,41.0,0.03,999.9,1,571
4,2,2017,3,2017-03-02,47.8,36.9,999.2,6.9,21.6,28.0,41.0,52.0,37.9,0.0,999.9,0,653
5,3,2017,3,2017-03-03,33.2,8.8,1018.3,10.0,11.8,15.9,25.1,51.1,28.0,0.0,999.9,0,745
6,4,2017,3,2017-03-04,22.9,0.1,1026.4,9.9,17.8,25.1,33.0,37.0,18.0,0.0,999.9,0,536
7,5,2017,3,2017-03-05,20.8,-1.7,1029.2,10.0,19.8,25.1,35.9,33.1,12.0,0.0,999.9,0,489
1,6,2017,3,2017-03-06,28.9,11.2,1031.6,10.0,9.9,15.9,17.1,36.0,12.0,0.0,999.9,0,618
2,7,2017,3,2017-03-07,36.7,27.5,1030.1,9.2,10.7,18.1,25.1,45.0,24.1,0.0,999.9,0,637
3,8,2017,3,2017-03-08,45.9,42.6,1016.0,5.5,15.3,21.0,28.9,48.9,30.0,0.07,999.9,1,609
4,9,2017,3,2017-03-09,45.9,34.3,1012.0,9.1,17.7,22.9,31.1,52.0,41.0,0.09,999.9,0,665
5,10,2017,3,2017-03-10,35.5,26.4,1012.1,5.8,12.1,22.0,28.9,52.0,30.0,0.0,999.9,1,612
6,11,2017,3,2017-03-11,22.5,7.2,1013.6,9.4,19.3,28.9,39.0,44.1,17.1,0.07,999.9,0,548
7,12,2017,3,2017-03-12,20.0,2.6,1021.2,10.0,16.1,20.0,29.9,26.1,15.1,0.0,999.9,0,516
1,13,2017,3,2017-03-13,21.9,6.4,1028.8,10.0,10.9,15.9,25.1,27.0,15.1,0.0,999.9,0,792
2,14,2017,3,2017-03-14,36.3,30.9,1011.8,6.0,18.1,36.9,51.1,46.9,17.1,0.01,999.9,0,374
3,15,2017,3,2017-03-15,29.8,20.7,995.2,7.5,23.3,38.1,46.0,46.9,25.0,1.29,999.9,0,650
4,16,2017,3,2017-03-16,28.5,11.1,1008.0,9.8,19.1,25.1,33.0,36.0,23.0,0.0,999.9,0,839
5,17,2017,3,2017-03-17,33.0,13.4,1018.6,10.0,10.9,17.1,22.0,39.0,23.0,0.0,999.9,0,756
6,18,2017,3,2017-03-18,34.7,23.9,1024.0,10.0,7.5,13.0,19.0,43.0,21.9,0.0,999.9,0,504
7,19,2017,3,2017-03-19,36.0,32.2,1019.7,5.6,19.4,28.9,38.1,43.0,21.9,0.16,999.9,1,550
1,20,2017,3,2017-03-20,39.2,26.3,1013.2,9.4,21.4,29.9,41.0,45.0,33.1,0.36,999.9,0,750
2,21,2017,3,2017-03-21,39.9,26.4,1011.2,10.0,7.9,11.1,999.9,50.0,34.0,0.0,999.9,0,636
3,22,2017,3,2017-03-22,38.6,20.9,1011.4,10.0,14.8,24.1,36.9,50.0,27.0,0.0,999.9,0,617
4,23,2017,3,2017-03-23,26.4,1.5,1028.6,10.0,17.1,25.1,35.0,46.0,19.9,0.0,999.9,0,703
5,24,2017,3,2017-03-24,35.3,21.9,1030.6,9.9,9.6,17.1,22.0,43.0,19.9,0.0,999.9,0,654
6,25,2017,3,2017-03-25,42.9,36.8,1021.3,8.2,13.1,18.1,22.9,48.0,37.4,0.0,999.9,0,571
7,26,2017,3,2017-03-26,37.0,30.0,1031.4,9.5,9.8,17.1,26.0,50.0,28.0,0.0,999.9,0,456
1,27,2017,3,2017-03-27,42.0,38.3,1023.6,6.4,12.3,15.9,21.0,46.9,28.0,0.03,999.9,1,629
2,28,2017,3,2017-03-28,40.7,38.5,1015.5,5.0,8.7,12.0,17.1,48.0,37.0,0.01,999.9,1,592
3,29,2017,3,2017-03-29,41.9,37.1,1013.6,8.3,14.4,20.0,28.0,48.0,37.0,0.43,999.9,0,672
4,30,2017,3,2017-03-30,40.0,25.9,1020.7,10.0,12.8,18.1,24.1,46.0,34.0,0.15,999.9,0,639
5,31,2017,3,2017-03-31,37.6,30.7,1020.9,9.2,6.2,15.9,21.0,45.0,30.9,0.0,999.9,0,753
6,1,2017,4,2017-04-01,39.8,36.9,1005.9,3.3,24.2,33.0,44.1,44.1,35.1,1.43,999.9,0,591
7,2,2017,4,2017-04-02,39.7,33.0,1015.1,9.3,14.7,24.1,35.9,46.9,37.0,1.45,999.9,0,514
1,3,2017,4,2017-04-03,43.0,31.7,1018.0,10.0,6.9,13.0,999.9,54.0,32.0,0.0,999.9,0,646
2,4,2017,4,2017-04-04,42.9,38.0,1015.3,6.3,16.3,29.9,40.0,54.0,32.0,0.03,999.9,1,598
3,5,2017,4,2017-04-05,42.6,38.4,1010.8,7.8,14.1,20.0,27.0,46.9,39.0,0.38,999.9,1,587
4,6,2017,4,2017-04-06,41.9,38.5,1013.6,7.9,12.9,24.1,29.9,51.8,39.0,0.0,999.9,1,713
5,7,2017,4,2017-04-07,47.8,42.6,994.7,6.9,14.9,25.1,34.0,54.0,39.0,0.12,999.9,1,694
6,8,2017,4,2017-04-08,43.9,30.6,1002.9,9.8,16.5,22.0,28.9,51.1,39.0,0.0,999.9,0,627
7,9,2017,4,2017-04-09,46.3,30.9,1017.4,10.0,10.5,15.0,21.0,55.0,39.0,0.0,999.9,0,541
1,10,2017,4,2017-04-10,46.9,39.6,1023.2,10.0,10.2,15.9,999.9,55.0,39.9,0.0,999.9,0,634
2,11,2017,4,2017-04-11,49.8,44.0,1021.8,8.8,12.1,15.9,999.9,55.0,41.0,0.0,999.9,0,519
3,12,2017,4,2017-04-12,49.1,45.1,1020.6,8.3,9.9,13.0,999.9,55.0,46.0,0.0,999.9,0,540
4,13,2017,4,2017-04-13,49.8,38.5,1024.2,9.5,8.2,15.9,20.0,57.0,42.1,0.0,999.9,0,590
5,14,2017,4,2017-04-14,47.5,34.1,1027.8,10.0,5.0,8.9,999.9,57.9,37.9,0.0,999.9,0,515
6,15,2017,4,2017-04-15,46.8,38.0,1028.2,9.7,9.2,15.0,999.9,57.9,35.1,0.0,999.9,0,495
7,16,2017,4,2017-04-16,51.9,46.9,1014.7,5.3,15.7,22.0,28.0,57.0,37.0,0.0,999.9,1,481
1,17,2017,4,2017-04-17,56.4,48.3,1010.6,8.7,12.0,15.9,21.0,70.0,48.9,0.0,999.9,0,488
2,18,2017,4,2017-04-18,47.8,39.2,1024.7,10.0,12.1,22.0,29.9,53.1,41.0,0.0,999.9,0,516
3,19,2017,4,2017-04-19,41.7,32.2,1033.5,10.0,10.5,17.1,20.0,53.1,32.0,0.0,999.9,0,580
4,20,2017,4,2017-04-20,47.5,44.1,1022.6,5.9,9.8,17.1,20.0,54.0,32.0,0.09,999.9,1,632
5,21,2017,4,2017-04-21,45.7,43.4,1017.0,4.6,13.9,19.0,27.0,46.9,44.6,0.03,999.9,0,690
6,22,2017,4,2017-04-22,46.7,44.5,1012.1,5.7,13.2,20.0,27.0,48.9,44.1,0.19,999.9,0,551
7,23,2017,4,2017-04-23,46.5,39.5,1017.3,10.0,10.5,17.1,24.1,55.9,43.0,0.27,999.9,0,517
1,24,2017,4,2017-04-24,46.6,42.4,1021.9,10.0,7.6,9.9,999.9,55.9,42.1,0.0,999.9,0,541
2,25,2017,4,2017-04-25,49.7,46.6,1021.4,6.7,14.2,21.0,28.9,52.0,42.1,0.01,999.9,0,723
3,26,2017,4,2017-04-26,53.1,51.8,1011.6,1.1,17.9,25.1,34.0,55.4,50.0,0.76,999.9,1,630
4,27,2017,4,2017-04-27,52.9,50.7,1011.6,3.0,5.3,12.0,999.9,63.0,48.0,0.06,999.9,1,688
5,28,2017,4,2017-04-28,53.1,51.0,1015.6,3.3,8.2,15.0,19.0,63.0,48.0,0.0,999.9,1,857
6,29,2017,4,2017-04-29,54.2,51.6,1015.5,2.7,11.6,21.0,28.0,64.0,48.2,0.11,999.9,1,661
7,30,2017,4,2017-04-30,53.4,40.0,1022.3,9.8,12.6,19.0,27.0,66.9,45.0,0.0,999.9,0,470
1,1,2017,5,2017-05-01,49.3,45.3,1019.8,5.0,10.6,15.9,999.9,57.9,44.6,0.0,999.9,1,639
2,2,2017,5,2017-05-02,55.4,53.4,1003.9,2.2,14.5,22.9,29.9,60.1,45.0,0.0,999.9,1,743
3,3,2017,5,2017-05-03,54.7,44.3,1009.1,9.5,13.0,18.1,22.9,60.1,48.9,0.61,999.9,0,714
4,4,2017,5,2017-05-04,51.5,34.8,1023.0,10.0,10.6,15.9,25.1,59.0,45.0,0.0,999.9,0,701
5,5,2017,5,2017-05-05,49.4,44.0,1019.6,7.6,14.9,25.1,31.1,57.9,45.0,0.0,999.9,0,776
6,6,2017,5,2017-05-06,55.1,54.1,1002.7,2.6,13.5,24.1,28.0,57.9,46.0,1.15,999.9,1,685
7,7,2017,5,2017-05-07,52.5,48.9,1004.6,7.1,10.6,15.0,999.9,57.9,50.0,0.37,999.9,1,514
1,8,2017,5,2017-05-08,50.0,41.3,1008.8,10.0,15.6,19.0,28.9,57.0,46.0,0.09,999.9,0,638
2,9,2017,5,2017-05-09,48.3,34.9,1014.8,10.0,6.2,8.9,999.9,55.0,39.9,0.0,999.9,0,651
3,10,2017,5,2017-05-10,48.7,38.4,1015.4,9.9,4.5,13.0,15.9,57.0,39.9,0.02,999.9,0,668
4,11,2017,5,2017-05-11,49.5,42.0,1015.6,10.0,7.6,17.1,24.1,57.0,43.0,0.0,999.9,0,686
5,12,2017,5,2017-05-12,48.6,42.2,1016.7,9.7,11.8,17.1,25.1,57.0,44.1,0.0,999.9,0,817
6,13,2017,5,2017-05-13,47.9,41.7,1015.7,10.0,8.6,15.0,21.0,54.0,44.1,0.0,999.9,0,683
7,14,2017,5,2017-05-14,50.4,47.9,1000.0,5.6,16.5,24.1,39.0,57.0,45.0,0.23,999.9,1,633
1,15,2017,5,2017-05-15,51.1,43.8,999.6,10.0,12.9,19.0,28.0,57.0,48.0,0.14,999.9,0,729
2,16,2017,5,2017-05-16,57.5,46.9,1010.8,10.0,10.7,18.1,22.0,69.1,46.9,0.06,999.9,0,694
3,17,2017,5,2017-05-17,57.9,50.2,1014.7,9.8,11.3,15.9,21.0,69.1,48.0,0.0,999.9,0,753
4,18,2017,5,2017-05-18,60.1,54.1,1012.7,7.0,13.2,15.9,999.9,71.1,53.1,0.0,999.9,0,911
5,19,2017,5,2017-05-19,59.6,54.5,1011.0,6.2,12.2,15.9,22.9,71.1,55.0,0.0,999.9,0,974
6,20,2017,5,2017-05-20,56.3,41.6,1021.8,10.0,16.0,24.1,31.1,69.1,48.0,0.02,999.9,0,612
7,21,2017,5,2017-05-21,52.7,37.3,1027.6,10.0,6.8,14.0,999.9,63.0,41.0,0.0,999.9,0,618
1,22,2017,5,2017-05-22,51.4,40.5,1023.3,9.5,8.2,13.0,999.9,63.0,41.0,0.0,999.9,0,719
2,23,2017,5,2017-05-23,56.8,52.3,1012.3,7.5,11.8,19.0,24.1,62.1,48.0,0.18,999.9,1,659
3,24,2017,5,2017-05-24,53.9,49.6,1008.5,9.0,9.2,18.1,26.0,62.1,50.0,0.01,999.9,0,641
4,25,2017,5,2017-05-25,53.8,51.1,1008.6,5.6,11.6,17.1,22.0,59.0,51.1,0.05,999.9,1,742
5,26,2017,5,2017-05-26,55.4,52.9,1001.2,6.2,12.9,22.0,28.9,59.0,52.0,0.1,999.9,1,776
6,27,2017,5,2017-05-27,57.5,48.6,1011.4,10.0,7.2,9.9,999.9,63.0,51.1,0.03,999.9,0,475
7,28,2017,5,2017-05-28,51.8,46.1,1015.5,9.4,6.1,12.0,999.9,63.0,45.0,0.0,999.9,0,475
1,29,2017,5,2017-05-29,49.6,47.0,1015.7,8.1,11.7,15.0,21.0,59.0,45.0,0.0,999.9,0,371
2,30,2017,5,2017-05-30,53.5,49.6,1021.0,8.1,7.9,11.1,999.9,61.0,50.0,0.01,999.9,0,647
3,31,2017,5,2017-05-31,55.4,53.1,1017.8,3.6,7.8,11.1,999.9,62.1,50.0,0.01,999.9,1,669
4,1,2017,6,2017-06-01,55.7,53.8,1013.3,3.0,7.7,13.0,999.9,61.0,51.8,0.01,999.9,1,654
5,2,2017,6,2017-06-02,58.2,48.2,1013.4,8.3,8.2,12.0,999.9,66.0,52.0,0.0,999.9,1,737
6,3,2017,6,2017-06-03,56.9,47.9,1012.4,10.0,8.2,14.0,999.9,66.0,43.0,0.0,999.9,0,637
7,4,2017,6,2017-06-04,58.0,49.8,1014.6,10.0,7.3,14.0,999.9,66.0,43.0,0.0,999.9,0,468
1,5,2017,6,2017-06-05,56.6,54.5,1011.5,7.0,8.4,20.0,25.1,66.0,50.0,0.0,999.9,0,656
2,6,2017,6,2017-06-06,52.4,50.5,1006.3,5.1,15.2,22.9,31.1,64.9,50.0,0.0,999.9,0,660
3,7,2017,6,2017-06-07,54.5,47.5,1012.9,8.4,12.8,21.0,25.1,61.0,50.0,0.01,999.9,0,675
4,8,2017,6,2017-06-08,52.7,45.2,1016.5,9.2,5.5,12.0,999.9,63.0,39.9,0.01,999.9,0,660
5,9,2017,6,2017-06-09,57.6,52.7,1006.0,9.1,13.2,22.9,31.1,66.0,39.9,99.99,999.9,0,770
6,10,2017,6,2017-06-10,60.4,54.5,1013.9,9.3,9.1,14.0,999.9,70.0,54.0,0.0,999.9,0,665
7,11,2017,6,2017-06-11,61.5,55.8,1017.4,9.3,11.3,15.0,999.9,70.0,55.9,0.0,999.9,0,702
1,12,2017,6,2017-06-12,66.0,58.9,1014.8,8.0,11.4,15.0,19.0,80.1,57.9,0.0,999.9,0,804
2,13,2017,6,2017-06-13,67.3,59.8,1011.4,7.6,10.6,17.1,24.1,80.1,59.0,0.0,999.9,0,829
3,14,2017,6,2017-06-14,67.1,51.6,1013.7,9.3,10.3,14.0,24.1,79.0,57.0,0.0,999.9,0,754
4,15,2017,6,2017-06-15,57.2,45.8,1019.1,10.0,7.5,14.0,999.9,66.0,46.9,0.0,999.9,0,771
5,16,2017,6,2017-06-16,59.8,52.9,1018.9,9.9,15.5,22.0,32.1,66.0,46.9,0.0,999.9,0,657
6,17,2017,6,2017-06-17,61.7,59.4,1014.9,4.3,11.8,19.0,26.0,68.0,57.0,0.02,999.9,1,654
7,18,2017,6,2017-06-18,63.8,62.5,1014.6,0.7,10.2,15.0,21.0,68.0,59.0,0.11,999.9,1,593
1,19,2017,6,2017-06-19,64.7,64.5,1014.0,0.9,15.2,19.0,25.1,68.0,62.6,0.11,999.9,1,819
2,20,2017,6,2017-06-20,63.4,63.4,1013.3,1.1,15.0,21.0,27.0,66.0,60.8,0.0,999.9,1,813
3,21,2017,6,2017-06-21,62.6,61.8,1013.6,5.4,11.4,17.1,21.0,66.9,60.1,0.0,999.9,1,744
4,22,2017,6,2017-06-22,65.8,59.4,1014.3,7.8,9.2,14.0,26.0,75.0,55.9,0.0,999.9,0,845
5,23,2017,6,2017-06-23,64.9,63.4,1010.9,6.3,9.7,15.9,22.9,75.0,55.9,0.0,999.9,1,793
6,24,2017,6,2017-06-24,67.2,65.1,1004.8,4.6,15.0,19.0,26.0,75.0,61.0,0.0,999.9,1,753
7,25,2017,6,2017-06-25,68.8,60.1,1013.0,9.4,7.6,11.1,999.9,79.0,59.0,0.0,999.9,0,590
1,26,2017,6,2017-06-26,66.7,59.2,1015.0,9.8,7.8,13.0,999.9,79.0,59.0,0.0,999.9,0,669
2,27,2017,6,2017-06-27,64.3,61.6,1016.3,9.9,7.8,11.1,999.9,75.0,57.9,0.0,999.9,0,757
3,28,2017,6,2017-06-28,65.4,58.0,1016.7,9.9,9.9,18.1,999.9,71.1,57.9,0.0,999.9,0,730
4,29,2017,6,2017-06-29,65.6,62.6,1020.7,9.9,11.5,15.0,999.9,71.1,59.0,0.0,999.9,0,767
5,30,2017,6,2017-06-30,66.9,63.7,1018.0,8.8,13.3,17.1,22.9,72.0,63.0,0.0,999.9,0,747
6,1,2017,7,2017-07-01,67.7,66.3,1016.8,5.9,13.0,17.1,22.0,73.0,63.0,0.0,999.9,0,595
7,2,2017,7,2017-07-02,68.7,67.4,1013.7,4.2,11.4,15.0,20.0,73.9,64.4,0.03,999.9,1,537
1,3,2017,7,2017-07-03,70.9,66.1,1013.9,8.2,9.5,14.0,999.9,82.0,64.9,0.0,999.9,1,617
2,4,2017,7,2017-07-04,72.0,61.5,1016.5,9.8,5.8,9.9,999.9,82.0,61.0,0.0,999.9,0,424
3,5,2017,7,2017-07-05,67.9,58.5,1021.9,9.9,6.5,11.1,999.9,81.0,57.9,0.0,999.9,0,706
4,6,2017,7,2017-07-06,61.7,59.9,1021.8,9.9,5.9,8.0,999.9,78.1,53.1,0.0,999.9,0,611
5,7,2017,7,2017-07-07,66.0,66.0,1012.4,5.2,8.7,19.0,27.0,69.8,64.0,0.0,999.9,1,674
6,8,2017,7,2017-07-08,67.3,66.8,1007.0,5.4,8.9,18.1,22.9,73.0,64.0,0.5,999.9,1,585
7,9,2017,7,2017-07-09,69.6,64.1,1012.4,9.3,10.1,17.1,22.0,77.0,64.0,0.0,999.9,0,512
1,10,2017,7,2017-07-10,68.3,66.1,1018.2,9.6,9.0,13.0,999.9,77.0,62.1,0.0,999.9,0,667
2,11,2017,7,2017-07-11,68.8,68.4,1016.1,2.7,8.6,13.0,999.9,75.0,62.1,0.0,999.9,1,638
3,12,2017,7,2017-07-12,70.8,70.2,1015.2,1.8,7.3,11.1,999.9,77.0,64.9,0.0,999.9,1,677
4,13,2017,7,2017-07-13,70.8,69.6,1015.5,4.4,8.2,19.0,999.9,80.1,64.0,0.0,999.9,1,759
5,14,2017,7,2017-07-14,63.7,61.5,1018.4,9.0,8.9,13.0,19.0,80.1,62.1,0.0,999.9,0,707
6,15,2017,7,2017-07-15,64.3,62.7,1013.9,8.4,5.6,11.1,999.9,72.0,60.1,0.11,999.9,0,649
7,16,2017,7,2017-07-16,69.3,67.7,1013.7,5.8,7.1,12.0,999.9,78.1,60.1,0.0,999.9,1,515
1,17,2017,7,2017-07-17,67.3,66.8,1018.5,3.9,5.7,11.1,999.9,78.1,62.1,0.0,999.9,1,639
2,18,2017,7,2017-07-18,69.4,67.9,1019.6,4.0,5.5,8.9,999.9,78.1,62.1,0.0,999.9,1,706
3,19,2017,7,2017-07-19,71.6,70.3,1016.5,4.2,7.6,12.0,999.9,79.0,66.0,0.0,999.9,1,747
4,20,2017,7,2017-07-20,74.7,70.6,1013.9,5.3,7.7,12.0,999.9,84.9,66.9,0.0,999.9,1,774
5,21,2017,7,2017-07-21,75.6,69.6,1010.4,5.7,7.8,13.0,999.9,84.9,69.1,0.0,999.9,1,733
6,22,2017,7,2017-07-22,74.0,67.2,1010.5,8.8,7.1,12.0,999.9,84.9,68.0,0.0,999.9,0,648
7,23,2017,7,2017-07-23,68.4,63.5,1009.3,8.7,6.0,15.9,999.9,82.0,64.0,0.0,999.9,0,554
1,24,2017,7,2017-07-24,63.0,58.0,1011.8,7.5,10.9,18.1,25.1,75.0,57.9,0.0,999.9,0,620
2,25,2017,7,2017-07-25,62.8,59.4,1015.6,9.5,13.8,18.1,24.1,70.0,57.9,0.25,999.9,0,595
3,26,2017,7,2017-07-26,63.6,58.0,1022.4,10.0,7.4,13.0,999.9,72.0,55.0,0.0,999.9,0,635
4,27,2017,7,2017-07-27,61.8,59.2,1017.7,10.0,7.3,12.0,999.9,72.0,55.0,0.0,999.9,0,610
5,28,2017,7,2017-07-28,69.2,66.9,1011.3,10.0,8.5,11.1,999.9,77.0,55.9,0.02,999.9,0,685
6,29,2017,7,2017-07-29,65.1,65.0,1009.1,6.9,11.1,19.0,27.0,77.0,63.0,0.12,999.9,0,512
7,30,2017,7,2017-07-30,67.1,57.7,1012.6,9.6,15.0,21.0,26.0,73.9,62.1,0.14,999.9,0,606
1,31,2017,7,2017-07-31,63.9,57.3,1017.8,10.0,4.2,8.9,999.9,73.9,50.0,0.0,999.9,0,656
2,1,2017,8,2017-08-01,68.2,64.8,1017.1,10.0,8.6,12.0,999.9,75.9,50.0,0.0,999.9,0,705
3,2,2017,8,2017-08-02,68.6,66.6,1018.9,9.9,6.5,11.1,999.9,75.9,63.0,0.0,999.9,0,618
4,3,2017,8,2017-08-03,67.5,66.0,1020.6,9.1,5.8,8.9,999.9,75.0,61.0,0.0,999.9,1,713
5,4,2017,8,2017-08-04,67.7,66.7,1019.7,2.9,6.3,11.1,999.9,75.9,61.0,0.0,999.9,1,758
6,5,2017,8,2017-08-05,67.7,67.2,1014.1,2.5,7.9,11.1,999.9,75.9,64.0,0.0,999.9,1,573
7,6,2017,8,2017-08-06,69.4,59.9,1014.4,9.5,11.8,17.1,22.9,75.0,64.0,0.0,999.9,0,519
1,7,2017,8,2017-08-07,67.5,64.2,1018.9,10.0,7.8,11.1,26.0,75.0,59.0,0.0,999.9,0,606
2,8,2017,8,2017-08-08,65.2,62.8,1013.2,7.8,11.3,17.1,24.1,73.9,59.0,0.96,999.9,0,631
3,9,2017,8,2017-08-09,67.1,63.5,1021.1,8.2,6.5,11.1,999.9,75.0,59.0,0.81,999.9,1,655
4,10,2017,8,2017-08-10,67.8,66.0,1024.2,8.8,6.0,8.9,999.9,75.0,59.0,0.0,999.9,1,650
5,11,2017,8,2017-08-11,67.6,65.8,1021.4,9.3,5.8,8.0,999.9,77.0,60.1,0.0,999.9,1,655
6,12,2017,8,2017-08-12,65.9,65.8,1016.4,4.2,5.8,12.0,999.9,77.0,60.1,0.07,999.9,1,526
7,13,2017,8,2017-08-13,71.0,69.3,1012.4,6.1,8.3,14.0,999.9,80.1,62.1,1.24,999.9,1,563
1,14,2017,8,2017-08-14,67.7,65.2,1016.4,6.1,4.3,8.0,999.9,80.1,61.0,0.0,999.9,1,602
2,15,2017,8,2017-08-15,67.8,66.8,1014.6,4.3,4.0,8.9,999.9,79.0,61.0,0.0,999.9,1,577
3,16,2017,8,2017-08-16,71.1,65.9,1013.0,6.8,6.5,15.9,999.9,79.0,64.9,0.23,999.9,1,600
4,17,2017,8,2017-08-17,68.0,60.8,1016.6,9.1,5.2,8.9,999.9,79.0,62.1,0.0,999.9,0,639
5,18,2017,8,2017-08-18,66.6,65.6,1015.2,8.0,8.8,13.0,999.9,73.9,57.9,0.0,999.9,0,612
6,19,2017,8,2017-08-19,71.8,70.9,1010.1,5.6,12.2,21.0,28.0,78.1,57.9,1.1,999.9,1,638
7,20,2017,8,2017-08-20,72.8,68.1,1014.2,6.3,9.7,14.0,999.9,80.1,66.9,1.01,999.9,1,538
1,21,2017,8,2017-08-21,69.9,65.6,1020.4,9.8,5.9,9.9,999.9,81.0,61.0,0.0,999.9,0,627
2,22,2017,8,2017-08-22,70.5,69.8,1017.4,6.4,10.6,15.0,999.9,81.0,61.0,0.0,999.9,0,684
3,23,2017,8,2017-08-23,72.3,70.9,1009.1,6.3,12.4,18.1,24.1,78.1,68.0,0.0,999.9,0,629
4,24,2017,8,2017-08-24,70.0,60.2,1011.9,10.0,5.6,11.1,999.9,79.0,63.0,0.0,999.9,0,631
5,25,2017,8,2017-08-25,66.4,60.0,1016.2,10.0,5.5,13.0,999.9,79.0,57.9,0.0,999.9,0,633
6,26,2017,8,2017-08-26,64.1,56.8,1023.0,9.9,3.7,8.9,999.9,73.9,54.0,0.0,999.9,0,570
7,27,2017,8,2017-08-27,62.3,53.6,1024.6,10.0,5.0,9.9,999.9,73.0,50.0,0.0,999.9,0,498
1,28,2017,8,2017-08-28,62.7,56.4,1025.3,10.0,8.5,17.1,22.9,73.0,50.0,0.0,999.9,0,584
2,29,2017,8,2017-08-29,62.0,58.3,1023.8,9.9,8.6,14.0,20.0,71.1,54.0,0.0,999.9,0,614
3,30,2017,8,2017-08-30,61.8,57.5,1012.8,7.0,16.0,22.9,35.0,68.0,57.0,1.57,999.9,0,671
4,31,2017,8,2017-08-31,66.2,60.6,1011.0,9.6,9.7,15.9,22.9,75.0,54.0,0.11,999.9,0,618
5,1,2017,9,2017-09-01,62.7,50.0,1015.1,10.0,10.6,15.9,22.0,75.0,55.0,0.0,999.9,0,681
6,2,2017,9,2017-09-02,58.7,45.2,1022.4,10.0,5.3,8.9,999.9,66.9,50.0,0.0,999.9,0,562
7,3,2017,9,2017-09-03,60.0,56.6,1018.2,6.7,13.1,24.1,33.0,68.0,50.0,1.08,999.9,1,518
1,4,2017,9,2017-09-04,65.4,62.2,1012.4,9.6,13.4,17.1,24.1,70.0,53.1,0.16,999.9,0,532
2,5,2017,9,2017-09-05,68.1,66.4,1012.1,6.9,14.0,18.1,24.1,73.0,62.1,0.0,999.9,0,707
3,6,2017,9,2017-09-06,69.6,68.6,1013.2,6.0,13.6,18.1,28.9,75.0,64.9,0.0,999.9,0,608
4,7,2017,9,2017-09-07,67.1,65.1,1011.4,7.9,13.0,22.9,36.9,75.0,64.0,2.88,999.9,1,790
5,8,2017,9,2017-09-08,65.4,60.5,1017.2,9.5,11.3,14.0,17.1,70.0,60.1,0.55,999.9,0,740
6,9,2017,9,2017-09-09,63.1,57.0,1021.1,10.0,7.5,12.0,999.9,70.0,54.0,0.0,999.9,0,608
7,10,2017,9,2017-09-10,61.1,56.3,1024.2,9.7,9.9,18.1,24.1,69.1,54.0,0.0,999.9,0,533
1,11,2017,9,2017-09-11,63.6,53.9,1023.1,10.0,7.9,14.0,999.9,72.0,52.0,0.0,999.9,0,735
2,12,2017,9,2017-09-12,65.3,59.7,1015.6,10.0,8.3,15.0,999.9,73.9,57.0,0.0,999.9,0,680
3,13,2017,9,2017-09-13,67.5,63.4,1011.8,9.5,8.0,13.0,999.9,75.0,60.1,0.0,999.9,0,738
4,14,2017,9,2017-09-14,67.4,67.2,1012.6,5.1,9.0,14.0,999.9,75.0,63.0,0.0,999.9,1,728
5,15,2017,9,2017-09-15,67.9,67.7,1016.3,6.7,6.3,11.1,999.9,73.9,64.0,0.02,999.9,1,827
6,16,2017,9,2017-09-16,66.8,65.5,1020.8,4.6,2.8,8.0,999.9,75.9,61.0,0.0,999.9,1,623
7,17,2017,9,2017-09-17,64.7,64.2,1021.4,4.8,3.4,8.9,999.9,75.9,60.1,0.0,999.9,1,586
1,18,2017,9,2017-09-18,65.7,65.5,1020.5,3.4,7.6,13.0,999.9,73.0,60.1,0.0,999.9,1,672
2,19,2017,9,2017-09-19,65.5,65.4,1016.3,3.3,14.5,20.0,28.0,71.1,63.0,0.02,999.9,1,661
3,20,2017,9,2017-09-20,66.1,66.1,1006.4,3.2,21.3,31.1,40.0,70.0,63.0,0.59,999.9,0,583
4,21,2017,9,2017-09-21,63.9,63.8,1006.9,3.4,29.6,35.9,46.0,68.0,60.1,2.35,999.9,0,535
5,22,2017,9,2017-09-22,61.3,61.3,1008.1,2.8,27.5,35.0,47.0,66.0,59.0,3.17,999.9,0,614
6,23,2017,9,2017-09-23,62.6,62.6,1012.3,2.1,17.2,22.0,31.1,64.9,61.0,0.3,999.9,1,631
7,24,2017,9,2017-09-24,65.3,64.3,1016.6,3.7,9.6,13.0,999.9,73.0,60.1,0.05,999.9,1,587
1,25,2017,9,2017-09-25,64.2,63.7,1017.8,2.8,4.2,8.0,999.9,73.0,59.0,0.0,999.9,1,726
2,26,2017,9,2017-09-26,65.9,65.3,1016.8,2.6,3.4,7.0,999.9,77.0,59.0,0.12,999.9,1,656
3,27,2017,9,2017-09-27,68.7,68.6,1014.0,1.5,4.7,9.9,999.9,77.0,62.1,0.0,999.9,1,696
4,28,2017,9,2017-09-28,69.4,66.3,1005.9,4.9,9.3,20.0,28.0,77.0,64.0,0.07,999.9,1,740
5,29,2017,9,2017-09-29,59.6,48.5,1013.9,10.0,10.6,17.1,25.1,72.0,53.1,0.2,999.9,0,757
6,30,2017,9,2017-09-30,56.3,50.9,1020.0,9.8,8.3,13.0,999.9,64.0,48.0,0.0,999.9,0,550
7,1,2017,10,2017-10-01,55.5,46.8,1025.7,10.0,7.9,11.1,999.9,63.0,48.0,0.08,999.9,0,571
1,2,2017,10,2017-10-02,58.0,51.4,1026.8,10.0,9.3,15.0,999.9,66.0,48.0,0.0,999.9,0,739
2,3,2017,10,2017-10-03,54.1,47.5,1035.7,10.0,6.0,11.1,999.9,62.1,46.0,0.0,999.9,0,687
3,4,2017,10,2017-10-04,59.3,56.1,1029.6,10.0,12.4,19.0,999.9,66.0,46.0,0.0,999.9,0,711
4,5,2017,10,2017-10-05,63.7,62.6,1019.9,8.4,15.8,21.0,25.1,69.1,54.0,0.0,999.9,0,657
5,6,2017,10,2017-10-06,64.9,64.2,1018.2,7.4,7.6,15.0,999.9,70.0,61.0,0.18,999.9,1,649
6,7,2017,10,2017-10-07,63.8,63.5,1021.1,3.9,5.7,9.9,999.9,71.1,61.0,0.0,999.9,1,570
7,8,2017,10,2017-10-08,65.8,65.6,1017.4,9.2,12.8,15.9,999.9,71.1,61.0,0.0,999.9,0,521
1,9,2017,10,2017-10-09,66.3,66.2,1016.5,6.2,10.5,18.1,24.1,71.1,64.0,0.02,999.9,0,546
2,10,2017,10,2017-10-10,68.8,65.6,1015.0,5.9,11.0,21.0,28.9,77.0,63.0,0.31,999.9,1,768
3,11,2017,10,2017-10-11,62.1,58.7,1019.7,10.0,6.9,13.0,999.9,77.0,55.9,0.0,999.9,0,628
4,12,2017,10,2017-10-12,57.1,49.2,1026.7,10.0,14.5,21.0,27.0,68.0,52.0,0.09,999.9,0,603
5,13,2017,10,2017-10-13,56.4,49.4,1030.6,10.0,10.9,17.1,22.0,63.0,51.1,0.01,999.9,0,658
6,14,2017,10,2017-10-14,62.4,62.0,1026.6,6.7,5.5,8.9,999.9,66.9,52.0,0.0,999.9,0,567
7,15,2017,10,2017-10-15,63.3,63.3,1016.6,1.4,7.1,20.0,27.0,68.0,57.0,0.71,999.9,1,496
1,16,2017,10,2017-10-16,62.3,58.2,1011.6,8.8,13.8,20.0,27.0,68.0,55.0,0.0,999.9,0,641
2,17,2017,10,2017-10-17,51.1,39.0,1022.8,10.0,12.1,21.0,26.0,66.9,41.0,0.0,999.9,0,736
3,18,2017,10,2017-10-18,56.7,49.0,1024.8,10.0,10.1,15.9,20.0,66.9,41.0,0.0,999.9,0,737
4,19,2017,10,2017-10-19,59.7,58.3,1023.8,10.0,9.3,14.0,999.9,66.9,48.9,0.0,999.9,0,766
5,20,2017,10,2017-10-20,62.0,54.1,1017.0,10.0,11.3,17.1,22.0,68.0,54.0,0.0,999.9,0,823
6,21,2017,10,2017-10-21,58.8,50.3,1024.1,10.0,7.0,12.0,999.9,68.0,46.9,0.0,999.9,0,583
7,22,2017,10,2017-10-22,60.6,59.2,1028.8,10.0,6.9,8.9,999.9,66.9,46.9,0.0,999.9,0,528
1,23,2017,10,2017-10-23,59.5,58.7,1026.8,6.5,7.2,12.0,999.9,68.0,52.0,0.0,999.9,1,669
2,24,2017,10,2017-10-24,64.3,63.4,1018.6,8.7,14.7,18.1,999.9,69.1,53.1,0.0,999.9,0,685
3,25,2017,10,2017-10-25,65.1,65.0,1009.4,4.9,17.1,24.1,35.0,69.1,60.1,0.06,999.9,0,648
4,26,2017,10,2017-10-26,60.1,59.6,1002.6,7.8,11.3,24.1,31.1,66.9,55.0,1.86,999.9,0,658
5,27,2017,10,2017-10-27,54.1,43.5,1015.5,10.0,12.1,18.1,25.1,64.0,48.9,0.26,999.9,0,759
6,28,2017,10,2017-10-28,55.1,51.2,1019.0,10.0,6.7,13.0,999.9,63.0,42.1,0.0,999.9,0,615
7,29,2017,10,2017-10-29,60.4,59.4,1012.4,9.6,12.3,20.0,25.1,64.0,42.1,0.0,999.9,0,613
1,30,2017,10,2017-10-30,60.4,52.0,997.1,6.9,27.3,42.0,55.9,66.0,53.1,1.61,999.9,0,832
2,31,2017,10,2017-10-31,57.7,44.2,1014.3,10.0,18.1,24.1,29.9,73.0,53.1,0.04,999.9,0,696
3,1,2017,11,2017-11-01,50.6,39.9,1026.5,10.0,6.7,14.0,999.9,61.0,37.9,0.0,999.9,0,607
4,2,2017,11,2017-11-02,58.9,56.1,1026.9,10.0,10.4,15.9,999.9,64.0,55.0,0.0,999.9,0,746
5,3,2017,11,2017-11-03,58.7,58.5,1019.3,3.4,7.7,13.0,999.9,66.0,52.0,0.0,999.9,1,776
6,4,2017,11,2017-11-04,53.6,44.6,1024.3,9.3,13.9,21.0,32.1,66.0,46.9,0.0,999.9,0,613
7,5,2017,11,2017-11-05,54.5,49.5,1026.0,10.0,10.8,19.0,22.9,61.0,46.9,0.0,999.9,0,519
1,6,2017,11,2017-11-06,62.2,61.6,1016.0,7.4,11.8,17.1,19.0,66.0,48.9,0.0,999.9,1,682
2,7,2017,11,2017-11-07,53.0,46.7,1019.6,9.8,12.5,18.1,25.1,66.0,48.0,0.05,999.9,0,710
3,8,2017,11,2017-11-08,47.0,43.6,1020.7,9.7,16.7,22.9,29.9,57.0,44.1,0.37,999.9,0,662
4,9,2017,11,2017-11-09,48.3,39.9,1022.1,10.0,8.7,17.1,20.0,54.0,43.0,0.1,999.9,0,702
5,10,2017,11,2017-11-10,44.6,33.5,1016.1,10.0,12.3,21.0,28.9,55.0,32.0,0.05,999.9,0,724
6,11,2017,11,2017-11-11,30.2,18.0,1029.7,10.0,12.6,22.0,28.9,36.0,26.1,0.0,999.9,0,623
7,12,2017,11,2017-11-12,35.8,29.8,1032.6,10.0,5.0,12.0,999.9,46.9,24.1,0.0,999.9,0,539
1,13,2017,11,2017-11-13,48.8,44.3,1026.7,10.0,9.2,15.0,999.9,52.0,46.0,0.0,999.9,0,699
2,14,2017,11,2017-11-14,46.1,39.0,1024.1,10.0,12.3,17.1,22.9,52.0,42.1,0.1,999.9,0,647
3,15,2017,11,2017-11-15,43.9,37.1,1024.1,10.0,11.3,17.1,999.9,48.9,39.0,0.0,999.9,0,713
4,16,2017,11,2017-11-16,46.6,43.4,1015.0,8.9,10.1,22.9,28.9,54.0,39.0,0.0,999.9,0,811
5,17,2017,11,2017-11-17,43.8,33.2,1009.4,9.9,15.6,22.9,35.9,54.0,42.1,0.55,999.9,0,814
6,18,2017,11,2017-11-18,43.5,31.4,1013.0,10.0,9.4,17.1,27.0,53.1,28.0,0.0,999.9,0,629
7,19,2017,11,2017-11-19,54.8,50.4,998.1,7.8,16.8,31.1,41.0,59.0,44.1,0.0,999.9,0,573
1,20,2017,11,2017-11-20,40.5,24.6,1010.3,10.0,15.4,21.0,35.9,45.0,37.9,0.18,999.9,0,748
2,21,2017,11,2017-11-21,51.1,39.0,1020.3,10.0,15.3,19.0,27.0,57.9,37.0,0.0,999.9,0,790
3,22,2017,11,2017-11-22,54.2,52.3,1014.0,8.0,13.5,22.9,34.0,57.9,45.0,0.0,999.9,0,774
4,23,2017,11,2017-11-23,38.7,30.1,1015.0,10.0,11.1,22.9,35.9,57.0,34.0,0.28,999.9,0,469
5,24,2017,11,2017-11-24,40.8,30.7,1016.1,10.0,6.9,9.9,999.9,50.0,33.1,0.0,999.9,0,502
6,25,2017,11,2017-11-25,50.1,47.2,1010.6,10.0,7.8,9.9,999.9,55.9,34.0,0.0,999.9,0,456
7,26,2017,11,2017-11-26,48.9,39.7,1007.2,9.9,12.2,21.0,31.1,55.9,41.0,0.0,999.9,0,485
1,27,2017,11,2017-11-27,43.0,28.8,1013.8,10.0,12.4,18.1,26.0,52.0,39.0,0.0,999.9,0,635
2,28,2017,11,2017-11-28,37.9,27.4,1028.0,10.0,10.0,15.9,22.0,48.9,28.0,0.0,999.9,0,649
3,29,2017,11,2017-11-29,52.2,47.6,1019.8,9.8,14.6,20.0,26.0,59.0,46.0,0.0,999.9,0,701
4,30,2017,11,2017-11-30,43.2,34.0,1024.6,10.0,10.1,18.1,27.0,59.0,33.1,0.0,999.9,0,663
5,1,2017,12,2017-12-01,48.2,44.2,1018.5,10.0,10.0,15.9,24.1,52.0,33.1,0.0,999.9,0,772
6,2,2017,12,2017-12-02,42.5,34.2,1024.2,10.0,8.0,15.9,21.0,52.0,35.1,0.0,999.9,0,575
7,3,2017,12,2017-12-03,42.6,36.3,1023.2,10.0,6.1,9.9,999.9,48.9,35.1,0.0,999.9,0,448
1,4,2017,12,2017-12-04,40.9,35.1,1028.5,10.0,7.7,13.0,999.9,48.9,33.1,0.0,999.9,0,684
2,5,2017,12,2017-12-05,42.0,38.5,1027.8,10.0,10.2,20.0,27.0,52.0,28.0,0.0,999.9,0,704
3,6,2017,12,2017-12-06,51.3,48.7,1012.7,7.9,15.0,26.0,34.0,57.0,28.0,0.47,999.9,0,651
4,7,2017,12,2017-12-07,43.4,28.1,1013.9,10.0,10.2,17.1,21.0,57.0,39.0,0.02,999.9,0,693
5,8,2017,12,2017-12-08,41.0,26.6,1016.4,10.0,9.0,18.1,28.0,48.0,37.9,0.0,999.9,0,682
6,9,2017,12,2017-12-09,38.7,36.7,1013.3,7.8,9.9,24.1,32.1,43.0,37.0,0.01,999.9,0,538
7,10,2017,12,2017-12-10,39.0,34.6,1006.7,9.0,12.3,19.0,28.0,42.1,35.1,0.97,999.9,0,513
1,11,2017,12,2017-12-11,38.4,28.3,1015.3,9.8,7.9,14.0,19.0,42.1,32.0,0.0,999.9,0,725
2,12,2017,12,2017-12-12,42.6,38.1,1007.4,9.7,10.0,17.1,20.0,51.1,26.1,0.0,999.9,0,687
3,13,2017,12,2017-12-13,32.8,25.1,992.9,9.2,17.6,26.0,39.0,51.1,25.0,0.13,999.9,0,709
4,14,2017,12,2017-12-14,28.2,20.4,1004.1,8.1,12.6,26.0,35.9,39.9,25.0,0.0,999.9,0,883
5,15,2017,12,2017-12-15,25.1,16.2,1016.7,9.3,6.3,14.0,20.0,30.9,17.1,0.0,999.9,0,999
6,16,2017,12,2017-12-16,30.9,24.3,1013.6,8.0,12.4,22.0,28.0,35.1,17.1,0.08,999.9,0,661
7,17,2017,12,2017-12-17,27.6,13.8,1022.8,10.0,10.1,17.1,28.0,35.1,24.1,0.01,999.9,0,547
1,18,2017,12,2017-12-18,32.7,23.9,1021.3,9.7,4.6,11.1,999.9,43.0,24.1,0.0,999.9,0,706
2,19,2017,12,2017-12-19,44.9,41.8,1009.8,9.3,10.3,17.1,22.0,51.1,41.0,0.01,999.9,0,657
3,20,2017,12,2017-12-20,44.3,31.7,1007.3,9.9,14.9,21.0,31.1,51.1,37.0,0.0,999.9,0,700
4,21,2017,12,2017-12-21,32.4,19.7,1018.5,10.0,10.7,18.1,24.1,36.0,26.1,0.0,999.9,0,742
5,22,2017,12,2017-12-22,32.7,24.3,1026.3,9.7,6.7,15.0,999.9,41.0,24.1,0.0,999.9,0,720
6,23,2017,12,2017-12-23,45.6,45.4,1013.0,3.2,10.6,21.0,28.9,53.1,26.1,0.17,999.9,1,565
7,24,2017,12,2017-12-24,41.9,37.7,1018.4,8.8,12.9,18.1,27.0,53.1,37.9,0.58,999.9,0,469
1,25,2017,12,2017-12-25,41.1,35.3,1009.1,7.9,16.7,42.0,56.9,50.0,35.1,0.2,999.9,0,333
2,26,2017,12,2017-12-26,29.5,12.4,1023.4,10.0,13.1,19.0,26.0,50.0,25.0,0.01,999.9,0,543
3,27,2017,12,2017-12-27,21.9,5.0,1029.7,10.0,11.0,15.9,22.0,32.0,18.0,0.0,999.9,0,577
4,28,2017,12,2017-12-28,15.3,-1.4,1027.8,10.0,17.5,22.0,33.0,24.1,12.0,0.0,999.9,0,609
5,29,2017,12,2017-12-29,13.7,5.4,1024.3,9.5,11.0,18.1,25.1,21.9,6.1,0.0,999.9,0,598
6,30,2017,12,2017-12-30,16.7,3.7,1019.3,9.3,10.5,17.1,24.1,21.9,6.1,0.0,999.9,0,565
7,31,2017,12,2017-12-31,21.0,17.9,1013.1,4.9,10.5,14.0,19.0,21.9,19.9,0.01,999.9,0,462
1,1,2018,1,2018-01-01,9.5,-0.5,1022.2,10.0,15.0,18.1,25.1,21.0,5.0,0.0,999.9,0,454
2,2,2018,1,2018-01-02,14.7,2.0,1024.9,10.0,12.9,20.0,31.1,18.0,5.0,0.0,999.9,0,654
3,3,2018,1,2018-01-03,25.6,18.3,1025.1,10.0,6.7,12.0,999.9,35.1,10.9,0.0,999.9,0,645
4,4,2018,1,2018-01-04,37.1,35.9,1002.4,5.9,21.0,40.0,51.1,42.8,27.0,0.07,999.9,0,464
5,5,2018,1,2018-01-05,23.0,13.8,995.7,9.5,23.4,28.0,39.0,42.1,15.1,2.14,999.9,0,700
6,6,2018,1,2018-01-06,13.2,-0.2,1013.5,10.0,22.4,28.0,39.0,27.0,10.9,0.0,999.9,0,599
7,7,2018,1,2018-01-07,9.3,-0.5,1028.3,10.0,12.7,19.0,27.0,19.9,1.9,0.0,999.9,0,475
1,8,2018,1,2018-01-08,35.0,28.0,1023.6,9.9,18.3,26.0,33.0,42.1,21.9,0.0,999.9,0,720
2,9,2018,1,2018-01-09,38.3,32.3,1016.8,9.3,14.6,21.0,28.0,43.0,30.9,0.01,999.9,0,684
3,10,2018,1,2018-01-10,31.4,24.2,1029.7,10.0,6.6,14.0,999.9,42.1,21.9,0.0,999.9,0,687
4,11,2018,1,2018-01-11,38.5,38.0,1030.1,10.0,8.6,12.0,999.9,45.0,21.9,0.0,999.9,0,696
5,12,2018,1,2018-01-12,43.7,43.7,1021.7,5.6,13.4,19.0,27.0,48.0,30.9,0.0,999.9,1,704
6,13,2018,1,2018-01-13,45.4,43.2,1007.7,3.0,19.2,33.0,45.1,52.0,33.1,0.41,999.9,1,603
7,14,2018,1,2018-01-14,27.0,21.7,1028.8,10.0,14.5,17.1,25.1,30.9,24.8,0.01,999.9,0,494
1,15,2018,1,2018-01-15,31.6,24.5,1034.9,9.1,15.4,20.0,25.1,37.9,25.0,0.0,999.9,0,523
2,16,2018,1,2018-01-16,32.3,28.9,1032.0,8.2,8.8,19.0,26.0,37.9,28.0,0.0,999.9,0,617
3,17,2018,1,2018-01-17,36.0,35.2,1024.3,5.5,7.7,14.0,999.9,41.0,28.0,0.17,999.9,1,611
4,18,2018,1,2018-01-18,32.4,29.5,1013.5,8.4,10.2,15.0,19.0,41.0,28.9,0.04,999.9,0,634
5,19,2018,1,2018-01-19,28.9,21.4,1014.3,10.0,10.5,15.0,21.0,34.0,24.1,0.0,999.9,0,599
6,20,2018,1,2018-01-20,38.1,32.5,1010.9,10.0,14.3,25.1,34.0,46.9,24.1,0.0,999.9,0,530
7,21,2018,1,2018-01-21,39.7,31.7,1018.2,10.0,7.2,12.0,999.9,48.9,28.0,0.0,999.9,0,418
1,22,2018,1,2018-01-22,36.4,35.9,1023.6,7.6,4.0,11.1,999.9,48.9,27.0,0.0,999.9,0,559
2,23,2018,1,2018-01-23,45.3,45.3,1012.9,4.4,16.2,26.0,35.9,51.1,27.0,0.0,999.9,1,531
3,24,2018,1,2018-01-24,41.1,36.1,1008.5,8.8,13.9,20.0,28.9,51.1,34.0,0.68,999.9,1,615
4,25,2018,1,2018-01-25,28.0,12.4,1021.1,10.0,13.2,17.1,24.1,44.1,23.0,0.0,999.9,0,602
5,26,2018,1,2018-01-26,25.3,7.0,1035.0,10.0,14.4,21.0,31.1,32.0,21.0,0.0,999.9,0,677
6,27,2018,1,2018-01-27,36.8,30.7,1034.3,10.0,12.2,18.1,24.1,46.0,17.1,0.0,999.9,0,510
7,28,2018,1,2018-01-28,43.4,43.2,1025.3,4.4,9.5,18.1,999.9,46.0,28.9,0.01,999.9,1,412
1,29,2018,1,2018-01-29,40.3,37.7,1021.4,6.9,12.1,26.0,34.0,46.0,37.0,0.2,999.9,1,531
2,30,2018,1,2018-01-30,31.9,30.5,1010.7,4.3,23.4,32.1,40.0,42.1,26.1,0.53,999.9,1,579
3,31,2018,1,2018-01-31,25.0,14.8,1019.2,10.0,13.1,18.1,25.1,37.0,19.9,0.18,999.9,0,596
4,1,2018,2,2018-02-01,38.3,34.7,1017.2,9.4,11.9,18.1,25.1,44.1,19.9,0.0,999.9,0,594
5,2,2018,2,2018-02-02,34.2,30.8,1011.1,6.4,11.9,22.0,28.0,44.1,23.0,0.07,999.9,0,617
6,3,2018,2,2018-02-03,19.8,8.6,1026.5,10.0,16.5,22.9,28.0,43.0,12.9,0.08,999.9,0,478
7,4,2018,2,2018-02-04,37.8,34.1,1026.4,9.1,13.4,22.0,28.0,46.0,30.0,0.0,999.9,0,541
1,5,2018,2,2018-02-05,42.5,38.1,1008.3,5.1,14.1,20.0,29.9,46.9,33.1,1.28,999.9,1,706
2,6,2018,2,2018-02-06,30.0,20.2,1026.9,10.0,4.8,11.1,999.9,46.9,19.9,0.12,999.9,0,545
3,7,2018,2,2018-02-07,36.4,32.6,1030.4,8.4,9.5,19.0,33.0,48.9,19.9,0.0,999.9,1,653
4,8,2018,2,2018-02-08,34.6,28.2,1020.8,8.4,14.5,22.0,34.0,48.9,21.9,0.62,999.9,0,616
5,9,2018,2,2018-02-09,28.3,17.3,1032.6,10.0,6.2,11.1,19.0,42.1,19.9,0.08,999.9,0,583
6,10,2018,2,2018-02-10,41.6,39.0,1028.8,9.0,11.3,15.0,999.9,48.0,21.9,0.0,999.9,0,549
7,11,2018,2,2018-02-11,46.3,46.3,1017.9,1.2,9.7,18.1,26.0,52.0,36.0,0.61,999.9,1,479
1,12,2018,2,2018-02-12,45.0,44.2,1021.3,3.9,13.6,26.0,39.0,52.0,34.0,1.67,999.9,1,543
2,13,2018,2,2018-02-13,31.5,23.0,1039.1,10.0,9.7,18.1,22.9,34.0,28.0,0.14,999.9,0,613
3,14,2018,2,2018-02-14,36.9,34.0,1030.5,8.5,8.7,14.0,999.9,44.1,28.0,0.0,999.9,0,671
4,15,2018,2,2018-02-15,40.8,40.8,1013.7,2.2,9.7,15.0,999.9,44.1,30.9,0.35,999.9,1,645
5,16,2018,2,2018-02-16,44.8,44.6,1003.8,2.9,8.8,18.1,26.0,52.0,37.9,0.14,999.9,1,582
6,17,2018,2,2018-02-17,35.9,24.8,1023.7,10.0,13.1,22.0,28.9,52.0,30.0,0.1,999.9,0,604
7,18,2018,2,2018-02-18,39.4,34.8,1021.0,8.3,12.4,21.0,29.9,45.0,33.1,0.55,999.9,0,472
1,19,2018,2,2018-02-19,38.1,35.4,1033.5,9.6,8.3,14.0,999.9,46.9,26.1,0.01,999.9,0,435
2,20,2018,2,2018-02-20,45.6,45.5,1027.6,2.9,12.4,18.1,24.1,48.0,44.1,0.06,999.9,1,535
3,21,2018,2,2018-02-21,45.9,45.9,1026.2,0.2,13.3,18.1,999.9,48.9,44.1,0.02,999.9,1,601
4,22,2018,2,2018-02-22,43.1,38.6,1033.5,8.3,13.8,18.1,22.9,48.9,35.1,0.03,999.9,1,550
5,23,2018,2,2018-02-23,37.5,32.5,1036.3,9.7,10.6,15.0,999.9,48.9,34.0,0.03,999.9,0,548
6,24,2018,2,2018-02-24,42.3,41.5,1020.5,5.0,11.4,21.0,27.0,48.9,35.1,0.09,999.9,1,540
7,25,2018,2,2018-02-25,42.5,41.5,1021.5,6.4,12.3,22.9,31.1,48.9,39.0,0.21,999.9,1,448
1,26,2018,2,2018-02-26,42.1,40.1,1016.7,6.5,10.7,15.0,999.9,46.9,39.0,0.72,999.9,1,557
2,27,2018,2,2018-02-27,40.3,29.3,1024.2,10.0,8.9,15.9,999.9,46.9,28.0,0.0,999.9,0,631
3,28,2018,2,2018-02-28,42.6,38.2,1020.1,10.0,12.9,17.1,22.0,48.0,28.0,0.0,999.9,0,654
4,1,2018,3,2018-03-01,46.7,41.0,1011.2,10.0,8.5,14.0,999.9,60.1,39.0,0.0,999.9,0,619
5,2,2018,3,2018-03-02,45.3,45.2,989.8,5.1,23.3,49.0,65.1,48.9,39.0,0.35,999.9,0,884
6,3,2018,3,2018-03-03,40.2,37.5,1005.3,6.2,34.8,46.0,62.9,48.9,37.0,99.99,999.9,0,609
7,4,2018,3,2018-03-04,39.6,33.6,1013.5,9.9,23.4,29.9,40.0,43.0,36.0,0.11,999.9,0,457
1,5,2018,3,2018-03-05,37.8,34.5,1011.0,8.2,24.2,33.0,44.1,43.0,33.1,0.38,999.9,0,616
2,6,2018,3,2018-03-06,37.7,30.1,1014.9,10.0,17.5,27.0,38.1,41.0,33.1,0.08,999.9,0,676
3,7,2018,3,2018-03-07,38.1,35.9,1012.1,8.9,12.3,24.1,36.9,43.0,32.0,0.0,999.9,0,517
4,8,2018,3,2018-03-08,39.6,36.3,999.1,8.2,15.8,27.0,39.0,46.0,34.0,0.79,999.9,0,633
5,9,2018,3,2018-03-09,35.5,28.2,1004.0,9.6,12.0,22.0,29.9,44.1,30.0,0.01,999.9,1,751
6,10,2018,3,2018-03-10,38.1,25.9,1007.9,10.0,17.5,24.1,31.1,43.0,30.0,0.0,999.9,0,567
7,11,2018,3,2018-03-11,36.3,24.8,1014.2,10.0,11.4,15.9,22.0,43.0,30.9,0.0,999.9,0,465
1,12,2018,3,2018-03-12,36.7,30.7,1016.1,10.0,9.0,20.0,27.0,46.0,27.0,0.0,999.9,0,679
2,13,2018,3,2018-03-13,35.0,33.4,995.9,3.4,31.0,44.1,58.1,46.0,27.0,1.54,999.9,1,578
3,14,2018,3,2018-03-14,34.8,29.0,999.1,9.7,22.8,31.1,40.0,39.0,32.0,0.99,999.9,0,652
4,15,2018,3,2018-03-15,36.5,28.1,996.7,9.7,20.1,24.1,33.0,39.9,33.1,0.0,999.9,0,689
5,16,2018,3,2018-03-16,36.1,21.4,1000.1,10.0,13.5,19.0,27.0,39.9,33.1,0.0,999.9,0,753
6,17,2018,3,2018-03-17,33.3,17.6,1005.7,10.0,19.7,28.0,35.0,39.9,28.0,0.0,999.9,0,562
7,18,2018,3,2018-03-18,27.2,7.9,1009.5,10.0,12.2,18.1,26.0,39.9,21.0,0.0,999.9,0,526
1,19,2018,3,2018-03-19,30.5,6.6,1011.7,10.0,12.2,20.0,26.0,37.0,21.0,0.0,999.9,0,686
2,20,2018,3,2018-03-20,32.5,17.5,1013.5,10.0,9.1,12.0,999.9,37.0,26.1,0.0,999.9,0,597
3,21,2018,3,2018-03-21,36.8,32.7,1005.4,8.6,21.0,28.0,36.9,39.0,27.0,0.0,999.9,0,477
4,22,2018,3,2018-03-22,36.1,35.3,1001.5,6.6,21.5,29.9,41.0,37.9,33.8,0.86,999.9,0,759
5,23,2018,3,2018-03-23,37.5,31.9,1012.6,10.0,7.0,9.9,999.9,45.0,30.0,0.07,999.9,0,732
6,24,2018,3,2018-03-24,36.3,30.8,1015.4,10.0,6.8,15.0,999.9,46.0,26.1,0.0,999.9,0,550
7,25,2018,3,2018-03-25,35.8,32.8,1024.2,9.3,16.6,26.0,35.9,46.0,26.1,0.0,999.9,0,491
1,26,2018,3,2018-03-26,36.4,25.0,1036.0,10.0,19.4,22.9,34.0,45.0,32.0,0.01,999.9,0,710
2,27,2018,3,2018-03-27,37.6,28.7,1032.5,10.0,16.0,25.1,29.9,45.0,30.9,0.0,999.9,0,627
3,28,2018,3,2018-03-28,40.4,32.9,1018.5,10.0,10.1,14.0,999.9,48.0,30.9,0.0,999.9,0,629
4,29,2018,3,2018-03-29,41.6,40.3,1017.6,8.1,6.5,9.9,999.9,48.9,35.1,0.0,999.9,0,613
5,30,2018,3,2018-03-30,46.8,46.8,1008.8,2.1,11.5,17.1,999.9,48.9,35.1,0.0,999.9,1,580
6,31,2018,3,2018-03-31,43.6,33.1,1019.1,9.6,12.6,17.1,22.9,48.9,39.0,0.08,999.9,0,589
7,1,2018,4,2018-04-01,44.2,40.5,1017.3,10.0,13.4,20.0,27.0,50.0,39.0,0.0,999.9,0,399
1,2,2018,4,2018-04-02,37.7,31.2,1018.7,8.1,8.4,14.0,999.9,50.0,33.1,0.01,999.9,1,562
2,3,2018,4,2018-04-03,35.3,32.5,1021.9,9.3,7.5,17.1,21.0,45.0,24.1,0.3,999.9,0,551
3,4,2018,4,2018-04-04,47.3,46.9,1005.1,3.5,15.7,26.0,34.0,55.9,39.2,0.39,999.9,1,554
4,5,2018,4,2018-04-05,39.9,24.0,1010.7,10.0,17.0,22.9,33.0,57.0,34.0,0.17,999.9,0,531
5,6,2018,4,2018-04-06,38.0,25.2,1019.0,9.4,12.2,27.0,36.9,46.9,28.9,0.0,999.9,0,515
6,7,2018,4,2018-04-07,43.5,37.2,1008.6,8.7,10.7,21.0,29.9,50.0,28.9,0.1,999.9,0,487
7,8,2018,4,2018-04-08,37.9,28.3,1009.4,9.5,11.2,21.0,28.0,50.0,33.1,0.03,999.9,0,468
1,9,2018,4,2018-04-09,36.3,20.4,1018.1,10.0,12.6,18.1,22.9,42.1,30.9,0.01,999.9,0,625
2,10,2018,4,2018-04-10,37.7,31.7,1021.9,9.1,6.5,11.1,999.9,42.1,30.9,0.0,999.9,0,668
3,11,2018,4,2018-04-11,37.9,33.0,1021.0,10.0,6.5,9.9,999.9,44.1,30.0,0.0,999.9,0,612
4,12,2018,4,2018-04-12,42.8,38.5,1019.4,10.0,9.8,14.0,999.9,50.0,28.9,0.0,999.9,0,610
5,13,2018,4,2018-04-13,47.7,45.3,1013.5,6.7,15.4,25.1,32.1,51.1,37.0,0.02,999.9,1,755
6,14,2018,4,2018-04-14,47.7,45.0,1017.1,7.0,13.7,21.0,28.9,52.0,42.1,0.08,999.9,0,624
7,15,2018,4,2018-04-15,39.7,31.5,1027.4,9.0,17.5,22.0,33.0,55.0,37.0,0.0,999.9,0,510
1,16,2018,4,2018-04-16,44.7,44.7,1019.3,2.6,21.6,31.1,36.9,53.1,37.0,0.11,999.9,1,741
2,17,2018,4,2018-04-17,45.6,41.3,1001.3,8.4,16.1,22.0,28.9,53.1,39.0,0.43,999.9,0,600
3,18,2018,4,2018-04-18,41.9,34.1,1005.6,10.0,16.6,26.0,34.0,50.0,37.0,0.05,999.9,0,662
4,19,2018,4,2018-04-19,41.8,40.6,1007.0,9.6,8.6,14.0,999.9,46.9,37.0,0.02,999.9,0,706
5,20,2018,4,2018-04-20,43.2,33.2,1014.9,10.0,11.6,19.0,24.1,51.1,37.0,0.08,999.9,0,707
6,21,2018,4,2018-04-21,44.6,31.9,1024.6,10.0,10.5,15.0,18.1,52.0,37.0,0.0,999.9,0,584
7,22,2018,4,2018-04-22,46.3,33.1,1026.8,10.0,7.2,14.0,999.9,55.9,37.0,0.0,999.9,0,568
1,23,2018,4,2018-04-23,46.4,33.6,1030.7,10.0,7.1,12.0,15.9,57.9,35.1,0.0,999.9,0,675
2,24,2018,4,2018-04-24,44.7,41.7,1030.4,10.0,6.7,11.1,999.9,57.9,34.0,0.0,999.9,0,671
3,25,2018,4,2018-04-25,49.2,48.2,1019.5,7.1,15.1,26.0,35.9,55.0,35.1,0.01,999.9,0,626
4,26,2018,4,2018-04-26,50.0,48.9,1005.4,3.2,12.7,21.0,27.0,55.0,48.0,0.81,999.9,1,729
5,27,2018,4,2018-04-27,48.8,46.9,1011.9,7.8,9.2,22.0,999.9,55.9,39.9,0.03,999.9,1,690
6,28,2018,4,2018-04-28,49.5,48.3,1010.7,5.1,6.3,9.9,999.9,60.1,39.9,0.13,999.9,1,604
7,29,2018,4,2018-04-29,50.5,48.7,1010.3,9.2,5.9,9.9,15.0,60.1,43.0,0.0,999.9,0,505
1,30,2018,4,2018-04-30,46.2,40.4,1013.5,10.0,12.0,19.0,22.0,57.9,41.0,0.07,999.9,0,656
2,1,2018,5,2018-05-01,48.4,43.7,1015.9,10.0,7.6,14.0,20.0,57.0,41.0,0.01,999.9,0,713
3,2,2018,5,2018-05-02,54.5,45.7,1016.7,10.0,13.1,19.0,22.0,66.0,43.0,0.0,999.9,0,792
4,3,2018,5,2018-05-03,54.0,48.6,1015.3,9.5,13.2,15.9,999.9,66.0,48.9,0.0,999.9,0,790
5,4,2018,5,2018-05-04,53.3,51.3,1013.4,7.8,12.2,15.9,22.0,59.0,50.0,0.02,999.9,0,723
6,5,2018,5,2018-05-05,58.0,47.5,1013.8,9.2,13.5,21.0,28.0,66.0,51.1,0.0,999.9,0,602
7,6,2018,5,2018-05-06,52.5,49.7,1018.6,8.1,6.9,11.1,999.9,66.0,48.9,0.0,999.9,1,495
1,7,2018,5,2018-05-07,53.0,49.7,1015.9,8.7,11.3,15.9,22.0,63.0,46.0,0.48,999.9,0,695
2,8,2018,5,2018-05-08,48.4,46.3,1024.3,4.9,6.9,11.1,999.9,60.1,39.0,0.0,999.9,1,736
3,9,2018,5,2018-05-09,51.2,50.1,1021.8,4.0,7.7,14.0,17.1,61.0,46.9,0.0,999.9,1,711
4,10,2018,5,2018-05-10,51.0,50.2,1015.1,6.2,12.2,15.9,20.0,59.0,48.0,0.01,999.9,1,663
5,11,2018,5,2018-05-11,56.8,48.7,1013.1,8.1,11.3,15.9,24.1,69.1,48.0,0.0,999.9,1,805
6,12,2018,5,2018-05-12,48.9,46.2,1021.1,9.5,7.3,13.0,999.9,52.0,45.0,0.0,999.9,0,602
7,13,2018,5,2018-05-13,49.7,48.5,1020.2,9.7,8.6,14.0,17.1,54.0,43.0,0.09,999.9,0,529
1,14,2018,5,2018-05-14,50.5,49.6,1016.9,6.4,5.5,9.9,999.9,57.0,48.0,0.0,999.9,1,689
2,15,2018,5,2018-05-15,53.9,53.4,1013.0,3.0,10.7,19.0,27.0,60.1,48.0,0.0,999.9,1,778
3,16,2018,5,2018-05-16,55.3,53.8,1018.9,9.3,8.5,14.0,17.1,60.1,50.0,0.02,999.9,0,686
4,17,2018,5,2018-05-17,54.1,54.1,1016.7,5.3,3.6,8.0,999.9,62.1,50.0,0.32,999.9,1,732
5,18,2018,5,2018-05-18,52.2,49.1,1024.8,5.7,10.9,22.0,28.9,62.1,48.0,0.17,999.9,1,616
6,19,2018,5,2018-05-19,49.6,49.0,1027.5,6.0,9.8,15.0,21.0,55.9,46.0,0.0,999.9,1,583
7,20,2018,5,2018-05-20,56.5,56.4,1015.4,0.7,13.9,18.1,26.0,60.8,51.1,0.15,999.9,1,578
1,21,2018,5,2018-05-21,60.9,51.0,1019.0,9.5,8.7,12.0,999.9,69.1,52.0,0.03,999.9,0,626
2,22,2018,5,2018-05-22,54.6,49.5,1021.1,10.0,7.0,8.9,999.9,69.1,48.0,0.0,999.9,0,689
3,23,2018,5,2018-05-23,57.3,55.7,1012.9,6.9,7.0,15.0,999.9,68.0,50.0,0.24,999.9,1,729
4,24,2018,5,2018-05-24,56.3,49.7,1017.5,9.6,9.6,15.9,999.9,68.0,50.0,0.11,999.9,0,770
5,25,2018,5,2018-05-25,56.5,53.6,1015.2,8.0,13.6,20.0,25.1,63.0,50.0,0.0,999.9,1,799
6,26,2018,5,2018-05-26,58.8,56.7,1009.8,7.1,13.8,18.1,22.0,64.4,55.0,0.0,999.9,1,601
7,27,2018,5,2018-05-27,53.7,53.4,1016.4,6.0,12.6,19.0,28.0,64.0,51.1,0.0,999.9,0,487
1,28,2018,5,2018-05-28,53.4,52.6,1017.4,5.8,11.6,18.1,24.1,57.9,50.0,0.08,999.9,0,408
2,29,2018,5,2018-05-29,57.7,55.8,1015.6,6.0,8.5,15.0,19.0,77.0,50.0,0.01,999.9,1,809
3,30,2018,5,2018-05-30,59.2,54.2,1021.3,6.4,7.5,14.0,999.9,77.0,50.0,0.0,999.9,1,708
4,31,2018,5,2018-05-31,55.1,54.6,1019.2,3.7,6.5,9.9,999.9,69.1,50.0,0.0,999.9,1,698
5,1,2018,6,2018-06-01,58.6,58.4,1012.6,4.8,6.2,8.9,999.9,64.9,51.1,0.13,999.9,1,751
6,2,2018,6,2018-06-02,63.1,60.8,1007.0,4.4,7.9,18.1,24.1,75.9,55.9,0.0,999.9,1,622
7,3,2018,6,2018-06-03,52.8,48.1,1016.4,10.0,11.8,18.1,25.1,57.9,46.9,0.0,999.9,0,525
1,4,2018,6,2018-06-04,51.0,50.1,1011.1,6.2,13.5,20.0,27.0,57.0,46.9,0.15,999.9,0,698
2,5,2018,6,2018-06-05,54.5,51.3,1004.6,9.4,11.0,19.0,27.0,61.0,48.0,1.29,999.9,0,688
3,6,2018,6,2018-06-06,54.8,50.8,1008.9,9.7,9.6,15.0,999.9,61.0,50.0,0.0,999.9,0,651
4,7,2018,6,2018-06-07,51.5,48.0,1020.1,10.0,6.5,11.1,999.9,57.9,43.0,0.0,999.9,0,693
5,8,2018,6,2018-06-08,54.8,51.9,1020.9,7.9,8.0,14.0,999.9,62.1,43.0,0.0,999.9,1,757
6,9,2018,6,2018-06-09,62.9,55.8,1018.7,9.8,5.7,11.1,999.9,77.0,45.0,0.06,999.9,0,706
7,10,2018,6,2018-06-10,61.5,49.5,1017.3,9.4,6.8,11.1,999.9,77.0,54.0,0.0,999.9,1,533
1,11,2018,6,2018-06-11,56.2,45.3,1018.0,10.0,8.8,14.0,22.0,68.0,51.1,0.0,999.9,0,686
2,12,2018,6,2018-06-12,55.3,48.6,1022.7,10.0,9.6,15.0,999.9,64.0,46.0,0.0,999.9,0,720
3,13,2018,6,2018-06-13,59.4,57.0,1016.0,7.9,11.5,15.9,21.0,66.0,46.9,0.0,999.9,1,706
4,14,2018,6,2018-06-14,63.8,58.8,1005.8,5.3,13.6,19.0,29.9,70.0,59.0,0.18,999.9,1,833
5,15,2018,6,2018-06-15,59.0,54.0,1011.3,9.3,6.2,12.0,999.9,71.1,54.0,0.0,999.9,0,728
6,16,2018,6,2018-06-16,62.8,56.0,1014.9,9.3,8.2,12.0,999.9,75.0,51.1,0.01,999.9,0,677
7,17,2018,6,2018-06-17,66.7,56.6,1017.7,10.0,6.0,8.9,999.9,82.0,54.0,0.0,999.9,0,627
1,18,2018,6,2018-06-18,62.9,60.4,1017.2,9.1,9.6,15.9,19.0,82.0,57.9,0.0,999.9,1,808
2,19,2018,6,2018-06-19,67.7,61.8,1007.3,6.3,11.6,17.1,22.9,78.1,60.1,0.03,999.9,1,812
3,20,2018,6,2018-06-20,62.8,58.8,1011.4,7.9,5.2,12.0,999.9,78.1,52.0,0.0,999.9,1,698
4,21,2018,6,2018-06-21,63.4,61.5,1008.8,8.1,6.4,12.0,999.9,72.0,52.0,0.09,999.9,1,815
5,22,2018,6,2018-06-22,61.1,56.4,1016.4,5.5,7.2,13.0,999.9,69.1,55.9,0.11,999.9,1,728
6,23,2018,6,2018-06-23,59.2,57.0,1015.5,5.7,9.2,14.0,20.0,69.1,55.9,0.16,999.9,1,513
7,24,2018,6,2018-06-24,62.7,61.5,1010.4,3.7,5.9,11.1,999.9,68.0,57.0,1.03,999.9,1,553
1,25,2018,6,2018-06-25,63.8,60.8,1014.2,6.1,10.4,19.0,24.1,70.0,57.9,0.25,999.9,1,733
2,26,2018,6,2018-06-26,60.7,55.3,1023.0,10.0,7.7,14.0,999.9,71.1,50.0,0.02,999.9,0,762
3,27,2018,6,2018-06-27,62.7,59.1,1021.0,10.0,9.3,12.0,999.9,71.1,50.0,0.0,999.9,0,540
4,28,2018,6,2018-06-28,64.1,62.6,1015.3,6.3,14.6,21.0,27.0,69.1,59.0,0.13,999.9,0,737
5,29,2018,6,2018-06-29,68.0,66.0,1012.2,4.4,7.0,14.0,999.9,75.9,62.1,0.96,999.9,1,845
6,30,2018,6,2018-06-30,71.1,65.4,1015.8,10.0,5.9,8.9,999.9,82.0,62.1,0.0,999.9,0,651
7,1,2018,7,2018-07-01,70.8,66.4,1016.2,8.8,5.9,12.0,999.9,86.0,62.1,0.0,999.9,0,563
1,2,2018,7,2018-07-02,68.4,64.9,1018.9,8.7,4.7,9.9,999.9,86.0,63.0,0.0,999.9,0,719
2,3,2018,7,2018-07-03,66.9,66.2,1021.5,2.9,6.2,11.1,999.9,73.9,61.0,0.0,999.9,1,678
3,4,2018,7,2018-07-04,71.7,70.5,1025.7,4.8,6.8,9.9,999.9,81.0,62.1,0.0,999.9,1,406
4,5,2018,7,2018-07-05,71.7,71.0,1025.4,1.6,6.2,11.1,999.9,81.0,66.9,0.0,999.9,1,720
5,6,2018,7,2018-07-06,70.6,69.3,1017.8,4.8,11.5,18.1,24.1,77.0,66.9,0.0,999.9,1,654
6,7,2018,7,2018-07-07,67.3,52.8,1023.6,9.9,12.8,21.0,28.9,75.9,60.1,0.01,999.9,0,526
7,8,2018,7,2018-07-08,61.7,52.8,1027.4,10.0,3.8,9.9,999.9,73.9,51.1,0.0,999.9,0,545
1,9,2018,7,2018-07-09,60.9,53.6,1023.2,10.0,6.7,12.0,999.9,73.9,50.0,0.0,999.9,0,672
2,10,2018,7,2018-07-10,67.2,64.7,1014.8,9.9,10.4,14.0,999.9,73.0,50.0,0.0,999.9,0,727
3,11,2018,7,2018-07-11,68.3,65.1,1012.8,9.3,8.9,17.1,999.9,73.9,63.0,0.0,999.9,0,627
4,12,2018,7,2018-07-12,68.2,59.5,1019.9,10.0,6.8,11.1,999.9,77.0,60.1,0.0,999.9,0,642
5,13,2018,7,2018-07-13,64.8,55.1,1024.2,10.0,5.0,9.9,999.9,77.0,54.0,0.0,999.9,0,726
6,14,2018,7,2018-07-14,64.9,59.5,1021.4,10.0,4.7,9.9,999.9,73.9,54.0,0.0,999.9,0,577
7,15,2018,7,2018-07-15,65.5,61.6,1016.5,8.6,5.3,8.0,999.9,72.0,55.9,0.0,999.9,1,564
1,16,2018,7,2018-07-16,68.7,67.9,1015.6,2.6,4.7,8.9,999.9,75.0,61.0,0.0,999.9,1,719
2,17,2018,7,2018-07-17,70.5,69.0,1012.9,4.6,10.7,17.1,22.0,75.9,66.0,0.0,999.9,1,680
3,18,2018,7,2018-07-18,71.2,66.7,1010.1,7.9,9.0,18.1,22.9,77.0,66.9,0.0,999.9,0,688
4,19,2018,7,2018-07-19,67.9,57.5,1016.8,10.0,6.3,9.9,999.9,77.0,59.0,0.0,999.9,0,739
5,20,2018,7,2018-07-20,64.3,56.7,1021.6,10.0,3.3,8.9,999.9,77.0,54.0,0.0,999.9,0,700
6,21,2018,7,2018-07-21,59.8,9999.9,1021.0,6.8,6.7,15.0,17.1,73.0,52.0,0.0,999.9,1,622
7,22,2018,7,2018-07-22,66.5,66.2,1019.1,3.2,12.8,18.1,20.0,72.0,52.0,0.0,999.9,1,540
1,23,2018,7,2018-07-23,69.9,68.1,1024.3,7.3,12.6,17.1,22.0,73.9,63.0,0.04,999.9,0,614
2,24,2018,7,2018-07-24,69.2,68.1,1025.8,5.7,9.8,12.0,999.9,75.0,66.0,0.0,999.9,1,654
3,25,2018,7,2018-07-25,69.8,68.7,1020.0,5.0,11.0,15.0,999.9,75.9,66.0,0.0,999.9,1,657
4,26,2018,7,2018-07-26,69.8,69.4,1014.3,4.7,13.9,19.0,24.1,75.9,66.0,0.0,999.9,0,606
5,27,2018,7,2018-07-27,70.6,70.1,1015.8,2.1,7.8,13.0,999.9,75.9,68.0,0.0,999.9,1,753
6,28,2018,7,2018-07-28,69.7,69.7,1016.5,1.4,6.7,15.9,999.9,75.9,66.9,0.41,999.9,1,637
7,29,2018,7,2018-07-29,72.9,69.1,1016.8,6.5,6.3,14.0,999.9,80.1,66.9,0.06,999.9,1,463
1,30,2018,7,2018-07-30,71.3,66.7,1020.4,9.9,5.8,8.0,999.9,80.1,64.9,0.0,999.9,0,580
2,31,2018,7,2018-07-31,68.9,65.8,1020.4,8.4,4.9,8.0,999.9,80.1,64.0,0.0,999.9,1,709
3,1,2018,8,2018-08-01,69.2,67.6,1020.7,7.5,8.6,14.0,999.9,73.9,64.0,0.0,999.9,1,660
4,2,2018,8,2018-08-02,73.7,72.5,1019.9,5.4,11.6,15.9,21.0,78.1,64.0,0.0,999.9,0,722
5,3,2018,8,2018-08-03,73.7,72.6,1022.1,4.6,9.2,13.0,999.9,79.0,71.1,0.0,999.9,1,749
6,4,2018,8,2018-08-04,71.8,71.2,1020.6,4.4,9.4,15.9,999.9,79.0,69.1,0.01,999.9,1,605
7,5,2018,8,2018-08-05,74.3,70.4,1019.6,8.8,7.1,12.0,999.9,81.0,69.1,0.05,999.9,0,573
1,6,2018,8,2018-08-06,74.8,73.4,1018.6,6.3,7.2,9.9,999.9,81.0,70.0,0.0,999.9,0,632
2,7,2018,8,2018-08-07,75.8,74.1,1015.6,6.7,9.7,15.0,999.9,82.0,71.1,0.0,999.9,0,658
3,8,2018,8,2018-08-08,74.6,73.6,1013.9,5.9,8.1,12.0,999.9,82.0,70.0,0.0,999.9,1,656
4,9,2018,8,2018-08-09,74.9,73.5,1008.0,3.6,9.2,14.0,999.9,82.9,70.0,0.0,999.9,1,709
5,10,2018,8,2018-08-10,76.9,68.4,1010.2,9.6,6.4,9.9,999.9,86.0,68.0,0.04,999.9,0,707
6,11,2018,8,2018-08-11,68.8,66.2,1015.2,9.0,5.8,11.1,999.9,86.0,64.0,0.0,999.9,0,568
7,12,2018,8,2018-08-12,70.9,69.7,1017.6,7.8,7.3,11.1,999.9,75.9,64.0,0.01,999.9,0,499
1,13,2018,8,2018-08-13,69.1,68.1,1016.9,7.7,6.2,9.9,999.9,75.9,64.9,0.05,999.9,1,617
2,14,2018,8,2018-08-14,72.8,71.4,1013.0,4.5,6.9,11.1,999.9,80.1,64.9,0.0,999.9,1,701
3,15,2018,8,2018-08-15,74.1,70.4,1011.1,9.4,9.7,17.1,21.0,80.1,69.1,0.08,999.9,0,645
4,16,2018,8,2018-08-16,77.2,71.4,1014.9,9.1,10.1,15.9,20.0,87.1,70.0,0.0,999.9,0,647
5,17,2018,8,2018-08-17,74.9,72.1,1018.0,6.3,5.1,8.9,999.9,87.1,66.0,0.0,999.9,1,703
6,18,2018,8,2018-08-18,73.9,72.4,1010.8,5.9,9.4,15.9,24.1,82.9,66.0,0.05,999.9,1,579
7,19,2018,8,2018-08-19,68.5,65.5,1013.6,8.9,13.1,19.0,24.1,81.0,66.0,0.01,999.9,0,490
1,20,2018,8,2018-08-20,66.7,66.0,1018.3,4.7,11.6,15.9,22.0,72.0,66.0,0.04,999.9,0,562
2,21,2018,8,2018-08-21,66.7,65.5,1019.1,7.1,9.5,13.0,999.9,70.0,64.4,0.07,999.9,0,580
3,22,2018,8,2018-08-22,68.1,67.4,1008.0,4.8,8.1,14.0,999.9,75.9,62.1,0.05,999.9,1,599
4,23,2018,8,2018-08-23,70.0,61.6,1010.3,9.7,9.3,17.1,22.0,75.9,62.1,0.01,999.9,0,610
5,24,2018,8,2018-08-24,67.1,61.5,1021.1,10.0,4.7,8.9,999.9,75.9,55.0,0.0,999.9,0,681
6,25,2018,8,2018-08-25,66.5,60.3,1025.9,9.0,5.8,9.9,999.9,75.9,55.0,0.0,999.9,1,552
7,26,2018,8,2018-08-26,68.2,60.3,1021.4,10.0,5.4,11.1,999.9,77.0,57.0,0.0,999.9,0,528
1,27,2018,8,2018-08-27,73.1,69.6,1017.3,9.1,8.7,12.0,999.9,84.0,62.1,0.0,999.9,0,651
2,28,2018,8,2018-08-28,73.0,71.2,1016.6,3.5,9.0,15.9,20.0,84.0,66.9,0.0,999.9,1,715
3,29,2018,8,2018-08-29,75.3,72.7,1015.2,5.5,9.8,15.0,999.9,84.9,69.1,0.0,999.9,0,685
4,30,2018,8,2018-08-30,76.2,72.4,1015.2,7.0,10.2,15.0,999.9,90.0,71.1,0.0,999.9,0,736
5,31,2018,8,2018-08-31,69.9,63.6,1023.8,10.0,13.0,19.0,24.1,73.9,63.0,0.0,999.9,0,623
6,1,2018,9,2018-09-01,65.0,59.4,1026.7,10.0,7.2,11.1,17.1,75.0,55.9,0.0,999.9,0,529
7,2,2018,9,2018-09-02,67.0,64.0,1024.9,10.0,5.0,8.9,999.9,79.0,55.9,0.0,999.9,0,528
1,3,2018,9,2018-09-03,69.9,69.1,1024.3,9.2,8.4,14.0,999.9,79.0,59.0,0.0,999.9,0,533
2,4,2018,9,2018-09-04,75.7,70.6,1022.4,6.1,9.9,14.0,19.0,86.0,66.0,0.0,999.9,1,786
3,5,2018,9,2018-09-05,69.2,64.7,1024.1,9.3,4.8,9.9,999.9,86.0,61.0,0.0,999.9,1,768
4,6,2018,9,2018-09-06,72.6,70.2,1021.0,9.4,9.8,15.0,24.1,80.1,61.0,0.0,999.9,0,822
5,7,2018,9,2018-09-07,71.1,64.3,1020.5,10.0,8.7,13.0,18.1,80.1,66.0,0.01,999.9,0,671
6,8,2018,9,2018-09-08,66.6,60.3,1019.0,10.0,6.9,14.0,999.9,75.0,61.0,0.01,999.9,0,568
7,9,2018,9,2018-09-09,62.6,50.8,1022.8,10.0,10.0,15.9,22.9,73.0,59.0,0.01,999.9,0,556
1,10,2018,9,2018-09-10,62.3,55.4,1025.1,9.5,13.4,19.0,26.0,68.0,59.0,0.0,999.9,0,650
2,11,2018,9,2018-09-11,68.9,67.5,1021.2,7.4,10.0,15.9,24.1,75.9,61.0,0.18,999.9,1,544
3,12,2018,9,2018-09-12,71.0,69.6,1023.0,3.1,4.0,9.9,999.9,79.0,66.0,0.0,999.9,1,783
4,13,2018,9,2018-09-13,66.1,63.8,1024.7,6.3,8.4,13.0,999.9,79.0,63.0,0.0,999.9,1,718
5,14,2018,9,2018-09-14,64.9,60.7,1024.2,9.2,7.1,12.0,999.9,73.9,59.0,0.01,999.9,1,684
6,15,2018,9,2018-09-15,65.9,61.0,1022.9,9.3,5.8,9.9,999.9,75.9,57.0,0.0,999.9,1,596
7,16,2018,9,2018-09-16,63.9,59.5,1023.1,6.8,3.7,8.0,999.9,75.9,54.0,0.0,999.9,1,597
1,17,2018,9,2018-09-17,65.6,62.6,1020.6,7.9,5.0,8.0,999.9,75.0,55.9,0.0,999.9,1,673
2,18,2018,9,2018-09-18,71.0,69.2,1012.1,8.1,8.7,15.9,22.0,75.9,68.0,0.01,999.9,0,740
3,19,2018,9,2018-09-19,66.5,63.8,1011.4,7.8,11.0,21.0,27.0,70.0,62.1,1.35,999.9,0,519
4,20,2018,9,2018-09-20,63.7,57.9,1020.6,9.1,11.3,19.0,25.1,69.1,60.1,0.01,999.9,0,659
5,21,2018,9,2018-09-21,60.6,54.6,1024.2,10.0,6.9,12.0,999.9,69.1,53.1,0.0,999.9,0,715
6,22,2018,9,2018-09-22,68.8,60.1,1017.3,9.6,14.4,20.0,26.0,78.1,53.1,0.0,999.9,0,562
7,23,2018,9,2018-09-23,59.8,50.2,1023.4,10.0,3.0,5.1,999.9,78.1,53.1,0.0,999.9,0,475
1,24,2018,9,2018-09-24,57.4,50.3,1030.2,10.0,10.1,21.0,26.0,64.0,50.0,0.0,999.9,0,594
2,25,2018,9,2018-09-25,60.5,55.1,1032.1,8.7,14.4,21.0,27.0,64.9,51.1,0.0,999.9,0,715
3,26,2018,9,2018-09-26,69.4,67.3,1017.4,6.9,14.7,19.0,25.1,75.0,55.9,0.41,999.9,0,755
4,27,2018,9,2018-09-27,66.3,62.6,1016.6,8.5,13.2,21.0,28.0,75.0,60.1,0.11,999.9,0,672
5,28,2018,9,2018-09-28,60.5,58.5,1017.8,6.3,8.5,15.9,19.0,70.0,55.9,0.1,999.9,0,712
6,29,2018,9,2018-09-29,62.3,56.3,1020.0,9.8,6.6,13.0,999.9,72.0,53.1,0.23,999.9,0,603
7,30,2018,9,2018-09-30,61.0,53.5,1025.6,9.7,4.7,8.9,999.9,72.0,51.1,0.0,999.9,1,510
1,1,2018,10,2018-10-01,62.0,56.1,1026.4,10.0,5.4,12.0,999.9,70.0,51.1,0.0,999.9,0,583
2,2,2018,10,2018-10-02,64.7,62.1,1022.8,9.5,6.6,11.1,999.9,71.1,52.0,0.0,999.9,0,613
3,3,2018,10,2018-10-03,64.4,62.3,1017.0,7.7,9.4,19.0,999.9,71.1,59.0,0.71,999.9,0,778
4,4,2018,10,2018-10-04,60.0,57.1,1017.6,9.6,5.7,13.0,999.9,69.1,55.9,0.04,999.9,0,717
5,5,2018,10,2018-10-05,62.2,57.0,1017.9,9.8,14.7,25.1,29.9,66.9,55.9,0.0,999.9,0,796
6,6,2018,10,2018-10-06,55.5,46.3,1023.0,10.0,6.0,9.9,999.9,66.9,46.0,0.0,999.9,0,544
7,7,2018,10,2018-10-07,64.4,59.6,1022.3,8.0,8.6,13.0,999.9,69.1,46.0,0.0,999.9,0,529
1,8,2018,10,2018-10-08,60.7,55.7,1029.4,8.8,10.5,15.0,19.0,69.1,57.9,0.0,999.9,0,501
2,9,2018,10,2018-10-09,63.1,59.0,1027.5,10.0,8.6,11.1,999.9,70.0,57.0,0.0,999.9,0,628
3,10,2018,10,2018-10-10,66.2,64.9,1021.4,3.9,9.1,13.0,999.9,72.0,57.9,0.0,999.9,1,708
4,11,2018,10,2018-10-11,67.2,65.9,1009.6,4.1,8.9,20.0,25.1,72.0,64.0,0.0,999.9,1,741
5,12,2018,10,2018-10-12,63.1,60.6,999.7,5.2,14.8,31.1,42.0,72.0,54.0,1.46,999.9,0,830
6,13,2018,10,2018-10-13,53.2,44.9,1008.5,10.0,7.9,13.0,21.0,68.0,48.9,2.37,999.9,0,577
7,14,2018,10,2018-10-14,52.8,37.7,1020.7,10.0,8.9,13.0,18.1,57.9,46.9,0.04,999.9,0,516
1,15,2018,10,2018-10-15,57.1,51.9,1021.9,9.1,9.8,18.1,22.9,64.9,43.0,0.0,999.9,0,692
2,16,2018,10,2018-10-16,57.1,44.8,1015.2,8.6,15.5,26.0,39.0,69.1,43.0,0.18,999.9,0,688
3,17,2018,10,2018-10-17,55.6,40.7,1013.4,10.0,13.3,22.9,29.9,63.0,46.9,0.1,999.9,0,699
4,18,2018,10,2018-10-18,45.6,23.6,1019.5,10.0,16.3,24.1,35.9,63.0,41.0,0.0,999.9,0,735
5,19,2018,10,2018-10-19,49.2,33.4,1022.9,10.0,13.7,21.0,31.1,59.0,39.9,0.0,999.9,0,787
6,20,2018,10,2018-10-20,59.5,53.2,1008.6,9.0,16.1,24.1,33.0,61.0,57.2,0.01,999.9,0,629
7,21,2018,10,2018-10-21,48.5,41.4,1004.7,9.1,11.8,27.0,35.9,62.1,42.1,0.2,999.9,0,593
1,22,2018,10,2018-10-22,43.3,24.9,1021.0,10.0,11.7,18.1,28.0,52.0,36.0,0.36,999.9,0,650
2,23,2018,10,2018-10-23,51.5,43.7,1019.6,9.9,8.0,15.0,999.9,59.0,36.0,0.01,999.9,0,681
3,24,2018,10,2018-10-24,48.8,41.3,1012.4,10.0,13.2,20.0,29.9,59.0,44.1,0.03,999.9,0,719
4,25,2018,10,2018-10-25,45.3,32.4,1015.5,10.0,14.2,20.0,28.9,53.1,42.1,0.0,999.9,0,763
5,26,2018,10,2018-10-26,39.8,25.4,1018.6,10.0,8.7,18.1,25.1,50.0,33.1,0.0,999.9,0,747
6,27,2018,10,2018-10-27,50.0,45.3,1015.4,5.7,16.0,28.0,40.0,59.0,33.1,0.2,999.9,0,757
7,28,2018,10,2018-10-28,56.8,52.7,1007.4,6.9,13.4,19.0,27.0,61.0,44.1,0.99,999.9,0,556
1,29,2018,10,2018-10-29,54.9,48.9,1008.4,9.8,11.7,20.0,28.0,61.0,51.1,0.0,999.9,0,696
2,30,2018,10,2018-10-30,47.9,35.4,1013.2,10.0,9.8,15.9,26.0,60.1,45.0,0.1,999.9,0,721
3,31,2018,10,2018-10-31,45.9,35.8,1019.1,10.0,6.8,14.0,20.0,54.0,32.0,0.0,999.9,0,646
4,1,2018,11,2018-11-01,58.0,54.7,1013.2,7.6,11.1,15.0,999.9,62.1,54.0,0.0,999.9,0,696
5,2,2018,11,2018-11-02,60.0,57.8,1010.6,5.2,13.9,20.0,27.0,64.0,55.0,0.01,999.9,0,746
6,3,2018,11,2018-11-03,59.7,55.6,1008.9,5.4,19.2,32.1,38.1,64.0,54.0,0.46,999.9,0,656
7,4,2018,11,2018-11-04,47.7,32.3,1029.1,10.0,9.9,21.0,32.1,63.0,37.0,0.45,999.9,0,502
1,5,2018,11,2018-11-05,47.5,41.9,1030.9,9.7,9.2,20.0,32.1,53.1,37.0,0.0,999.9,0,759
2,6,2018,11,2018-11-06,56.8,56.2,1014.3,2.1,12.1,17.1,25.1,61.0,39.0,0.38,999.9,1,679
3,7,2018,11,2018-11-07,57.9,52.2,1012.9,8.4,13.7,20.0,26.0,62.6,55.0,0.35,999.9,0,696
4,8,2018,11,2018-11-08,52.1,38.7,1020.3,9.9,11.1,18.1,22.0,61.0,44.1,0.0,999.9,0,631
5,9,2018,11,2018-11-09,48.3,37.1,1025.5,10.0,11.1,18.1,22.0,57.9,39.0,0.0,999.9,0,867
6,10,2018,11,2018-11-10,52.2,44.9,1009.3,7.5,19.1,32.1,44.1,62.1,39.0,1.32,999.9,0,606
7,11,2018,11,2018-11-11,39.9,21.2,1022.8,10.0,13.7,25.1,31.1,44.1,37.0,0.31,999.9,0,500
1,12,2018,11,2018-11-12,41.7,24.7,1029.4,10.0,8.2,15.0,18.1,48.0,37.0,0.0,999.9,0,497
2,13,2018,11,2018-11-13,51.9,46.5,1020.7,5.8,16.9,26.0,39.0,61.0,37.0,0.13,999.9,0,754
3,14,2018,11,2018-11-14,39.3,20.6,1021.6,10.0,16.5,24.1,28.9,61.0,33.1,1.22,999.9,0,688
4,15,2018,11,2018-11-15,34.0,18.9,1033.3,9.9,10.6,20.0,28.0,44.1,28.9,0.0,999.9,0,1065
5,16,2018,11,2018-11-16,42.8,39.1,1005.0,5.5,19.0,31.1,42.9,53.1,35.1,1.16,999.9,0,720
6,17,2018,11,2018-11-17,44.5,31.4,1015.5,10.0,12.1,20.0,26.0,50.0,41.0,0.03,999.9,0,559
7,18,2018,11,2018-11-18,41.7,29.3,1025.8,10.0,6.7,11.1,999.9,44.1,35.1,0.0,999.9,0,470
1,19,2018,11,2018-11-19,46.7,41.0,1021.0,10.0,5.0,8.9,999.9,54.0,37.9,0.0,999.9,0,697
2,20,2018,11,2018-11-20,48.2,46.3,1012.0,9.2,7.0,19.0,25.1,52.0,43.0,0.0,999.9,0,695
3,21,2018,11,2018-11-21,39.9,28.6,1014.7,9.7,13.8,21.0,27.0,46.0,34.0,0.04,999.9,0,732
4,22,2018,11,2018-11-22,24.9,4.8,1022.1,10.0,19.2,22.9,33.0,44.1,19.0,0.0,999.9,0,412
5,23,2018,11,2018-11-23,23.0,11.1,1031.4,9.7,13.1,25.1,33.0,30.9,19.0,0.0,999.9,0,476
6,24,2018,11,2018-11-24,41.4,31.9,1023.6,10.0,11.5,17.1,24.1,50.0,19.0,0.0,999.9,0,536
7,25,2018,11,2018-11-25,47.7,45.7,1008.4,6.1,15.9,28.9,40.0,51.8,45.0,0.57,999.9,0,483
1,26,2018,11,2018-11-26,45.4,42.8,1011.9,7.8,8.1,18.1,28.0,48.9,42.8,0.04,999.9,0,743
2,27,2018,11,2018-11-27,46.9,42.2,993.6,7.2,19.3,28.9,39.0,51.1,42.1,0.57,999.9,0,609
3,28,2018,11,2018-11-28,41.0,30.4,992.9,10.0,12.5,17.1,28.0,51.1,36.0,0.03,999.9,0,573
4,29,2018,11,2018-11-29,41.3,29.0,1002.8,10.0,17.1,24.1,35.9,48.9,36.0,0.0,999.9,0,646
5,30,2018,11,2018-11-30,38.4,30.1,1015.2,10.0,7.5,15.0,28.0,48.9,33.1,0.0,999.9,0,743
6,1,2018,12,2018-12-01,38.3,31.9,1020.3,9.9,5.7,8.9,999.9,44.1,33.1,0.0,999.9,0,601
7,2,2018,12,2018-12-02,46.0,44.1,1015.9,5.1,12.2,18.1,25.1,53.6,33.1,0.05,999.9,1,558
1,3,2018,12,2018-12-03,51.0,49.0,1001.7,2.7,11.3,15.9,21.0,54.0,42.1,0.66,999.9,1,697
2,4,2018,12,2018-12-04,40.6,28.1,1007.8,10.0,12.1,19.0,26.0,54.0,34.0,0.02,999.9,0,684
3,5,2018,12,2018-12-05,31.6,20.6,1017.3,10.0,7.0,15.0,999.9,46.9,24.1,0.0,999.9,0,652
4,6,2018,12,2018-12-06,34.9,20.5,1018.3,10.0,10.7,17.1,25.1,42.1,24.1,0.0,999.9,0,681
5,7,2018,12,2018-12-07,38.0,22.5,1022.0,9.8,11.0,15.9,22.0,42.1,27.0,0.0,999.9,0,705
6,8,2018,12,2018-12-08,27.9,7.7,1028.6,10.0,11.5,14.0,22.9,41.0,23.0,0.0,999.9,0,652
7,9,2018,12,2018-12-09,29.7,13.1,1029.6,10.0,8.6,15.9,21.0,34.0,23.0,0.0,999.9,0,465
1,10,2018,12,2018-12-10,35.5,23.8,1018.4,10.0,10.1,18.1,999.9,43.0,25.0,0.0,999.9,0,651
2,11,2018,12,2018-12-11,32.0,22.9,1019.5,10.0,4.5,8.9,999.9,43.0,25.0,0.0,999.9,0,707
3,12,2018,12,2018-12-12,32.3,22.3,1015.0,8.9,9.3,15.9,21.0,39.9,23.0,0.01,999.9,0,631
4,13,2018,12,2018-12-13,30.9,18.7,1030.2,10.0,6.4,17.1,22.9,37.9,23.0,0.0,999.9,0,686
5,14,2018,12,2018-12-14,37.9,32.3,1033.0,10.0,6.2,11.1,999.9,46.0,23.0,0.0,999.9,0,841
6,15,2018,12,2018-12-15,46.1,44.8,1022.3,5.7,6.8,18.1,27.0,51.1,26.1,0.01,999.9,1,628
7,16,2018,12,2018-12-16,43.8,37.8,1017.9,8.4,15.2,20.0,28.9,51.1,42.1,0.55,999.9,0,622
1,17,2018,12,2018-12-17,42.2,39.7,1001.1,6.2,14.6,21.0,28.9,46.4,37.4,0.22,999.9,0,689
2,18,2018,12,2018-12-18,33.3,18.2,1006.2,9.6,19.7,28.0,40.0,46.0,26.1,0.0,999.9,0,731
3,19,2018,12,2018-12-19,29.8,16.2,1018.0,10.0,9.4,22.0,29.9,39.0,21.0,0.0,999.9,0,749
4,20,2018,12,2018-12-20,38.6,34.4,1020.2,9.6,5.0,7.0,999.9,48.0,21.0,0.0,999.9,0,806
5,21,2018,12,2018-12-21,50.4,49.1,1010.2,5.3,17.6,28.0,35.0,57.0,44.1,0.01,999.9,1,782
6,22,2018,12,2018-12-22,48.3,45.8,995.6,4.1,13.3,22.0,32.1,57.0,39.0,0.89,999.9,1,568
7,23,2018,12,2018-12-23,36.7,23.9,1015.1,10.0,11.6,20.0,32.1,51.1,32.0,0.02,999.9,0,505
1,24,2018,12,2018-12-24,35.2,29.1,1017.2,9.5,4.9,12.0,999.9,39.9,28.9,0.0,999.9,0,580
2,25,2018,12,2018-12-25,35.6,23.3,1019.8,10.0,10.0,15.0,24.1,39.9,27.0,0.0,999.9,0,328
3,26,2018,12,2018-12-26,31.8,12.5,1027.5,10.0,11.1,15.9,21.0,39.9,27.0,0.0,999.9,0,514
4,27,2018,12,2018-12-27,34.7,23.0,1033.8,10.0,8.1,18.1,22.0,37.9,26.1,0.0,999.9,0,582
5,28,2018,12,2018-12-28,41.8,36.7,1027.6,7.5,15.0,22.9,28.9,50.0,26.1,0.0,999.9,0,681
6,29,2018,12,2018-12-29,48.4,44.0,1011.3,4.1,14.2,21.0,28.9,54.0,35.1,0.67,999.9,1,499
7,30,2018,12,2018-12-30,34.6,24.0,1021.2,10.0,8.4,14.0,24.1,54.0,27.0,0.0,999.9,0,404
1,31,2018,12,2018-12-31,32.0,23.7,1027.4,10.0,5.2,14.0,999.9,43.0,21.0,0.0,999.9,0,622
2,1,2019,1,2019-01-01,47.4,41.6,1009.2,5.4,18.3,29.9,41.0,54.0,39.9,0.84,999.9,1,429
3,2,2019,1,2019-01-02,35.0,23.4,1022.9,10.0,10.3,14.0,24.1,55.0,28.0,0.61,999.9,0,502
4,3,2019,1,2019-01-03,39.4,32.9,1015.6,9.5,9.2,19.0,24.1,46.9,28.0,0.0,999.9,0,504
5,4,2019,1,2019-01-04,39.0,30.2,1014.4,9.8,9.9,18.1,26.0,46.9,30.9,0.01,999.9,0,598
6,5,2019,1,2019-01-05,43.8,42.4,1005.8,5.0,11.8,21.0,31.1,46.9,30.9,0.25,999.9,0,455
7,6,2019,1,2019-01-06,39.7,34.0,1007.1,9.6,13.1,20.0,28.9,46.9,34.0,0.86,999.9,0,376
1,7,2019,1,2019-01-07,27.4,11.7,1024.8,10.0,17.4,22.0,31.1,45.0,21.9,0.0,999.9,0,584
2,8,2019,1,2019-01-08,36.3,30.8,1025.7,6.7,9.3,19.0,999.9,46.9,21.9,0.0,999.9,1,571
3,9,2019,1,2019-01-09,44.4,39.6,997.6,5.6,13.4,22.0,34.0,46.9,28.9,0.12,999.9,1,514
4,10,2019,1,2019-01-10,34.9,21.2,998.6,9.7,14.7,19.0,32.1,46.9,32.0,0.01,999.9,0,580
5,11,2019,1,2019-01-11,28.6,13.4,1013.9,10.0,14.2,18.1,26.0,37.0,26.1,0.0,999.9,0,644
6,12,2019,1,2019-01-12,23.1,3.7,1029.0,10.0,12.9,19.0,28.0,32.0,18.0,0.0,999.9,0,520
7,13,2019,1,2019-01-13,26.0,12.8,1030.5,10.0,8.0,13.0,15.9,30.9,18.0,0.0,999.9,0,374
1,14,2019,1,2019-01-14,32.8,22.5,1021.6,10.0,15.3,21.0,26.0,35.1,19.9,0.0,999.9,0,703
2,15,2019,1,2019-01-15,29.4,18.7,1017.5,10.0,7.4,13.0,999.9,35.1,21.9,0.0,999.9,0,618
3,16,2019,1,2019-01-16,31.3,23.1,1017.3,9.8,9.1,19.0,26.0,43.0,19.0,0.0,999.9,0,579
4,17,2019,1,2019-01-17,29.4,15.0,1024.6,10.0,11.2,17.1,25.1,43.0,19.0,0.0,999.9,0,586
5,18,2019,1,2019-01-18,33.2,28.1,1023.0,8.3,6.8,13.0,999.9,39.9,23.0,0.0,999.9,0,596
6,19,2019,1,2019-01-19,34.5,29.7,1022.0,9.8,6.9,13.0,21.0,39.9,30.9,0.07,999.9,0,479
7,20,2019,1,2019-01-20,43.2,42.4,1012.4,2.8,17.0,27.0,36.9,52.0,28.0,0.61,999.9,1,411
1,21,2019,1,2019-01-21,13.7,6.3,1003.4,7.0,17.0,21.0,33.0,28.9,6.1,1.5,999.9,0,412
2,22,2019,1,2019-01-22,15.8,-2.3,1026.7,10.0,17.6,27.0,36.9,28.0,6.1,0.0,999.9,0,627
3,23,2019,1,2019-01-23,31.6,23.8,1029.6,9.4,8.3,13.0,999.9,42.1,8.1,0.0,999.9,0,553
4,24,2019,1,2019-01-24,46.5,44.7,1012.6,5.2,19.2,31.1,42.0,52.0,42.8,0.0,999.9,0,592
5,25,2019,1,2019-01-25,37.0,28.5,1010.5,8.9,14.0,26.0,35.0,52.0,30.0,0.28,999.9,0,666
6,26,2019,1,2019-01-26,30.5,15.4,1022.6,10.0,7.9,15.9,21.0,37.9,21.0,0.0,999.9,0,533
7,27,2019,1,2019-01-27,35.1,28.2,1021.8,9.9,7.8,17.1,999.9,44.1,21.0,0.0,999.9,0,445
1,28,2019,1,2019-01-28,35.7,27.3,1016.0,9.8,11.3,19.0,26.0,44.1,28.9,0.0,999.9,0,565
2,29,2019,1,2019-01-29,33.8,23.7,1016.7,10.0,9.6,14.0,999.9,42.1,30.0,0.0,999.9,0,681
3,30,2019,1,2019-01-30,36.8,29.5,1009.8,8.8,15.1,28.0,41.0,42.1,30.0,0.39,999.9,0,630
4,31,2019,1,2019-01-31,15.7,1.9,1022.5,9.5,16.4,28.9,41.0,42.1,8.1,0.0,999.9,0,601
5,1,2019,2,2019-02-01,17.6,-1.7,1027.8,9.8,10.9,18.1,24.1,21.9,8.1,0.0,999.9,0,651
6,2,2019,2,2019-02-02,23.5,10.5,1023.7,10.0,11.8,25.1,32.1,36.0,10.9,0.0,999.9,0,577
7,3,2019,2,2019-02-03,35.4,28.0,1019.9,8.1,10.4,21.0,31.1,37.0,28.9,0.0,999.9,0,490
1,4,2019,2,2019-02-04,39.7,36.7,1019.4,7.5,7.3,9.9,999.9,48.9,28.0,0.0,999.9,0,651
2,5,2019,2,2019-02-05,43.0,42.1,1014.2,3.0,4.8,9.9,999.9,50.0,34.0,0.0,999.9,1,570
3,6,2019,2,2019-02-06,39.1,31.5,1020.4,9.9,9.7,14.0,15.9,50.0,33.1,0.0,999.9,0,615
4,7,2019,2,2019-02-07,39.1,37.9,1019.5,4.5,11.8,21.0,26.0,43.0,33.1,0.33,999.9,0,588
5,8,2019,2,2019-02-08,40.6,39.4,1012.4,3.0,9.8,15.9,22.9,45.0,36.0,0.02,999.9,1,661
6,9,2019,2,2019-02-09,31.5,10.3,1024.7,10.0,16.4,22.9,33.0,45.0,25.0,0.0,999.9,0,540
7,10,2019,2,2019-02-10,28.7,9.5,1034.3,10.0,11.7,15.9,22.0,34.0,24.1,0.0,999.9,0,445
1,11,2019,2,2019-02-11,30.7,14.4,1026.6,10.0,8.1,14.0,18.1,34.0,24.1,0.0,999.9,0,568
2,12,2019,2,2019-02-12,29.4,19.8,1028.5,8.2,11.2,18.1,24.1,35.1,24.1,0.0,999.9,1,687
3,13,2019,2,2019-02-13,41.1,37.0,1003.4,4.4,17.9,27.0,34.0,46.9,24.1,0.3,999.9,1,639
4,14,2019,2,2019-02-14,35.5,19.5,1012.2,10.0,15.9,22.0,33.0,46.9,32.0,0.03,999.9,0,664
5,15,2019,2,2019-02-15,39.8,36.0,1015.0,8.2,14.2,25.1,32.1,48.9,30.0,0.0,999.9,0,616
6,16,2019,2,2019-02-16,41.1,32.4,1007.1,7.9,10.6,20.0,26.0,48.9,30.0,0.05,999.9,0,535
7,17,2019,2,2019-02-17,30.9,20.8,1016.9,10.0,7.6,14.0,22.0,46.0,25.0,0.01,999.9,0,439
1,18,2019,2,2019-02-18,32.8,30.3,1013.3,6.3,8.0,17.1,25.1,37.4,24.1,0.17,999.9,0,406
2,19,2019,2,2019-02-19,25.9,12.6,1028.5,10.0,15.1,24.1,29.9,37.0,19.9,0.11,999.9,0,527
3,20,2019,2,2019-02-20,26.7,10.2,1034.1,10.0,7.7,14.0,18.1,30.0,19.9,0.0,999.9,0,615
4,21,2019,2,2019-02-21,36.8,32.9,1016.1,6.4,13.3,24.1,33.0,46.0,23.0,0.24,999.9,1,597
5,22,2019,2,2019-02-22,38.3,26.1,1022.3,10.0,8.7,14.0,999.9,46.0,30.9,0.2,999.9,0,546
6,23,2019,2,2019-02-23,34.8,27.7,1030.2,10.0,4.9,8.9,999.9,43.0,30.0,0.0,999.9,0,439
7,24,2019,2,2019-02-24,40.5,37.9,1018.9,5.7,14.1,28.0,34.0,46.9,30.0,0.01,999.9,1,401
1,25,2019,2,2019-02-25,38.7,25.2,999.2,8.4,24.3,31.1,42.9,46.9,33.1,0.63,999.9,0,700
2,26,2019,2,2019-02-26,29.2,6.8,1019.3,10.0,20.2,26.0,42.0,42.1,26.1,0.0,999.9,0,670
3,27,2019,2,2019-02-27,21.6,-0.8,1027.6,10.0,10.9,20.0,32.1,33.1,17.1,0.0,999.9,0,529
4,28,2019,2,2019-02-28,26.0,18.6,1020.0,7.4,8.0,18.1,22.0,30.9,17.1,0.04,999.9,0,699
5,1,2019,3,2019-03-01,26.7,18.2,1026.9,10.0,4.0,7.0,999.9,35.1,16.0,0.0,999.9,0,711
6,2,2019,3,2019-03-02,35.1,32.5,1016.8,6.0,16.1,28.0,35.9,37.0,33.1,0.35,999.9,0,642
7,3,2019,3,2019-03-03,34.5,29.2,1018.5,10.0,5.7,15.9,999.9,42.1,26.1,0.73,999.9,0,503
1,4,2019,3,2019-03-04,37.9,34.0,1004.8,7.7,15.3,28.0,38.1,42.1,26.1,1.22,999.9,0,503
2,5,2019,3,2019-03-05,28.2,11.9,1014.9,10.0,12.4,17.1,25.1,41.0,21.9,1.1,999.9,0,639
3,6,2019,3,2019-03-06,25.4,6.0,1014.7,10.0,13.5,18.1,27.0,30.0,21.9,0.0,999.9,0,589
4,7,2019,3,2019-03-07,22.1,1.6,1022.9,10.0,12.5,19.0,24.1,28.0,15.1,0.0,999.9,0,556
5,8,2019,3,2019-03-08,27.2,10.7,1027.8,10.0,10.9,17.1,20.0,35.1,15.1,0.0,999.9,0,652
6,9,2019,3,2019-03-09,35.1,22.7,1025.1,10.0,7.4,12.0,999.9,44.1,19.9,0.0,999.9,0,523
7,10,2019,3,2019-03-10,36.8,30.2,1027.7,7.1,14.7,27.0,41.0,46.9,25.0,0.0,999.9,1,462
1,11,2019,3,2019-03-11,41.7,38.1,1014.1,6.0,11.1,19.0,25.1,46.9,32.0,0.46,999.9,1,645
2,12,2019,3,2019-03-12,38.6,22.9,1016.8,10.0,11.8,17.1,22.9,46.9,30.9,0.0,999.9,0,586
3,13,2019,3,2019-03-13,34.5,22.8,1026.0,10.0,6.7,11.1,999.9,44.1,26.1,0.0,999.9,0,562
4,14,2019,3,2019-03-14,39.0,33.6,1026.2,10.0,7.2,11.1,999.9,46.0,28.0,0.0,999.9,0,611
5,15,2019,3,2019-03-15,45.3,42.3,1017.4,7.3,15.3,19.0,25.1,51.1,33.1,0.0,999.9,1,673
6,16,2019,3,2019-03-16,46.9,38.6,1009.9,6.1,16.0,22.9,31.1,51.1,41.0,0.11,999.9,1,550
7,17,2019,3,2019-03-17,36.3,17.7,1018.6,10.0,13.2,19.0,25.1,50.0,30.9,0.0,999.9,0,419
1,18,2019,3,2019-03-18,34.5,15.3,1023.1,10.0,10.8,15.0,21.0,41.0,27.0,0.0,999.9,0,575
2,19,2019,3,2019-03-19,35.2,22.6,1027.5,10.0,8.2,15.9,21.0,43.0,25.0,0.0,999.9,0,565
3,20,2019,3,2019-03-20,36.9,27.1,1029.5,10.0,6.7,8.9,999.9,44.1,24.1,0.0,999.9,0,584
4,21,2019,3,2019-03-21,40.7,32.6,1023.0,10.0,12.7,21.0,26.0,48.0,24.1,0.0,999.9,0,624
5,22,2019,3,2019-03-22,42.3,39.4,997.6,6.9,15.0,25.1,33.0,48.0,36.0,0.75,999.9,0,718
6,23,2019,3,2019-03-23,39.3,30.2,999.3,9.0,21.7,28.0,38.1,46.0,32.0,0.0,999.9,0,530
7,24,2019,3,2019-03-24,39.1,23.6,1016.9,10.0,15.5,22.0,28.0,46.0,32.0,0.0,999.9,0,466
1,25,2019,3,2019-03-25,42.5,32.5,1016.8,9.8,11.0,17.1,999.9,48.0,32.0,0.0,999.9,0,526
2,26,2019,3,2019-03-26,36.9,20.9,1021.3,10.0,10.8,18.1,25.1,48.0,28.9,0.0,999.9,0,610
3,27,2019,3,2019-03-27,34.4,16.2,1030.9,10.0,10.7,18.1,25.1,43.0,28.0,0.0,999.9,0,562
4,28,2019,3,2019-03-28,36.3,27.9,1031.6,10.0,9.1,14.0,999.9,45.0,26.1,0.0,999.9,0,644
5,29,2019,3,2019-03-29,44.4,40.2,1022.1,10.0,11.7,15.9,999.9,51.1,28.0,0.0,999.9,0,563
6,30,2019,3,2019-03-30,46.1,42.4,1020.5,9.4,7.7,15.9,999.9,54.0,36.0,0.0,999.9,0,516
7,31,2019,3,2019-03-31,49.2,46.0,1011.3,8.6,14.7,18.1,26.0,55.9,36.0,0.0,999.9,0,450
1,1,2019,4,2019-04-01,41.8,26.6,1014.7,10.0,15.2,20.0,28.0,55.9,36.0,0.07,999.9,0,602
2,2,2019,4,2019-04-02,37.1,22.5,1029.6,10.0,8.7,17.1,22.0,46.9,23.0,0.0,999.9,0,553
3,3,2019,4,2019-04-03,43.7,38.8,1013.4,6.6,21.6,31.1,42.9,48.9,39.9,2.28,999.9,0,613
4,4,2019,4,2019-04-04,44.5,26.0,1023.7,9.8,16.5,22.0,32.1,50.0,37.0,0.19,999.9,0,660
5,5,2019,4,2019-04-05,39.4,18.1,1031.0,10.0,10.7,15.0,22.9,48.9,36.0,0.0,999.9,0,701
6,6,2019,4,2019-04-06,46.3,41.2,1022.7,9.2,10.3,17.1,999.9,60.1,36.0,0.07,999.9,0,587
7,7,2019,4,2019-04-07,45.3,39.4,1023.5,10.0,7.4,11.1,999.9,60.1,37.9,0.01,999.9,0,487
1,8,2019,4,2019-04-08,46.2,45.3,1016.8,5.9,8.4,18.1,999.9,50.0,37.9,0.0,999.9,1,594
2,9,2019,4,2019-04-09,41.4,38.2,1006.5,9.4,12.7,19.0,24.1,50.0,39.0,0.19,999.9,0,537
3,10,2019,4,2019-04-10,41.8,34.8,1007.6,9.3,10.4,19.0,22.9,48.9,35.1,0.1,999.9,0,633
4,11,2019,4,2019-04-11,40.3,24.0,1021.0,10.0,10.8,18.1,24.1,48.9,35.1,0.0,999.9,0,537
5,12,2019,4,2019-04-12,43.8,35.3,1027.0,10.0,8.4,13.0,999.9,48.0,35.1,0.0,999.9,0,688
6,13,2019,4,2019-04-13,49.7,48.0,1020.8,5.2,12.6,15.0,20.0,52.0,39.0,0.0,999.9,1,599
7,14,2019,4,2019-04-14,50.8,48.7,1014.4,2.7,7.7,13.0,999.9,68.0,45.0,0.04,999.9,1,457
1,15,2019,4,2019-04-15,52.0,51.1,997.1,2.1,15.1,22.9,32.1,68.0,45.0,0.03,999.9,1,657
2,16,2019,4,2019-04-16,47.1,32.1,1007.6,10.0,18.3,24.1,33.0,57.0,42.1,0.58,999.9,0,638
3,17,2019,4,2019-04-17,47.5,30.3,1019.3,10.0,10.1,14.0,22.9,55.9,39.0,0.0,999.9,0,621
4,18,2019,4,2019-04-18,43.7,38.7,1023.9,9.6,12.1,22.9,29.9,55.9,34.0,0.0,999.9,0,540
5,19,2019,4,2019-04-19,53.7,50.7,1014.1,4.8,16.7,22.0,32.1,59.0,50.0,0.0,999.9,1,551
6,20,2019,4,2019-04-20,54.5,52.8,1013.8,2.9,17.7,22.0,31.1,61.0,48.9,0.0,999.9,1,456
7,21,2019,4,2019-04-21,52.2,51.5,1018.4,2.3,11.6,21.0,28.0,61.0,48.9,0.51,999.9,1,398
1,22,2019,4,2019-04-22,52.1,51.5,1017.3,2.3,7.3,14.0,999.9,57.9,48.0,0.03,999.9,1,522
2,23,2019,4,2019-04-23,48.8,46.6,1012.2,6.3,11.4,19.0,28.0,57.9,44.1,0.28,999.9,1,592
3,24,2019,4,2019-04-24,51.5,47.2,1007.2,8.0,9.8,15.0,999.9,66.0,44.1,0.03,999.9,0,515
4,25,2019,4,2019-04-25,47.7,40.9,1013.3,9.9,5.6,8.9,999.9,66.0,39.9,0.02,999.9,0,518
5,26,2019,4,2019-04-26,46.8,44.2,1011.9,7.0,13.9,24.1,31.1,55.0,39.9,0.0,999.9,1,500
6,27,2019,4,2019-04-27,52.9,46.5,998.5,6.6,19.3,28.0,36.9,57.0,44.1,1.04,999.9,1,526
7,28,2019,4,2019-04-28,46.9,36.3,1013.8,9.4,8.8,17.1,26.0,57.0,43.0,0.14,999.9,0,395
1,29,2019,4,2019-04-29,47.8,34.7,1025.4,9.8,10.9,17.1,19.0,54.0,42.1,0.24,999.9,0,565
2,30,2019,4,2019-04-30,45.6,40.5,1024.6,8.3,7.6,13.0,999.9,54.0,42.1,0.31,999.9,0,587
3,1,2019,5,2019-05-01,46.9,39.2,1030.0,10.0,4.7,8.9,999.9,55.0,39.9,0.0,999.9,0,599
4,2,2019,5,2019-05-02,49.4,46.5,1022.4,8.2,10.6,14.0,999.9,55.9,39.9,0.01,999.9,1,668
5,3,2019,5,2019-05-03,47.3,44.1,1022.8,7.8,9.2,15.9,999.9,55.9,44.1,0.0,999.9,1,651
6,4,2019,5,2019-05-04,51.3,50.5,1012.8,4.3,6.4,13.0,999.9,60.1,44.1,0.08,999.9,1,553
7,5,2019,5,2019-05-05,46.9,45.9,1011.4,6.8,9.6,13.0,18.1,60.1,46.0,0.08,999.9,1,529
1,6,2019,5,2019-05-06,48.1,44.1,1012.7,7.9,18.5,25.1,32.1,53.1,45.0,1.04,999.9,0,630
2,7,2019,5,2019-05-07,48.3,42.8,1021.2,10.0,7.8,13.0,999.9,55.9,37.0,0.25,999.9,0,647
3,8,2019,5,2019-05-08,53.0,44.6,1022.2,10.0,9.2,18.1,22.0,59.0,37.0,0.01,999.9,0,649
4,9,2019,5,2019-05-09,47.7,34.1,1027.4,10.0,7.6,15.9,20.0,59.0,39.0,0.0,999.9,0,593
5,10,2019,5,2019-05-10,48.4,43.5,1023.6,9.4,13.8,19.0,26.0,55.0,39.0,0.0,999.9,0,660
6,11,2019,5,2019-05-11,56.8,49.5,1014.3,7.0,10.0,15.0,20.0,64.9,45.0,0.01,999.9,0,637
7,12,2019,5,2019-05-12,45.7,41.4,1016.3,7.6,8.6,14.0,21.0,64.9,41.0,0.09,999.9,0,589
1,13,2019,5,2019-05-13,46.1,39.5,1012.1,9.7,14.7,20.0,31.1,52.0,41.0,0.68,999.9,0,613
2,14,2019,5,2019-05-14,44.9,42.3,1007.4,7.0,15.0,19.0,26.0,48.2,42.8,0.38,999.9,0,621
3,15,2019,5,2019-05-15,48.5,41.1,1008.7,9.7,10.8,17.1,22.0,55.9,43.0,0.01,999.9,0,691
4,16,2019,5,2019-05-16,53.3,47.6,1010.2,10.0,8.2,13.0,999.9,64.0,43.0,0.0,999.9,0,642
5,17,2019,5,2019-05-17,52.3,49.6,1010.8,8.4,8.4,15.0,999.9,64.0,46.0,0.0,999.9,0,726
6,18,2019,5,2019-05-18,56.7,46.7,1011.9,8.9,9.2,17.1,999.9,64.9,48.0,0.08,999.9,0,649
7,19,2019,5,2019-05-19,52.0,47.3,1020.1,10.0,9.7,15.9,999.9,64.9,45.0,0.0,999.9,0,547
1,20,2019,5,2019-05-20,57.2,55.0,1012.4,4.9,11.3,15.0,22.0,63.0,45.0,0.0,999.9,1,689
2,21,2019,5,2019-05-21,58.9,48.6,1008.1,7.8,13.5,21.0,28.0,66.0,54.0,0.11,999.9,1,745
3,22,2019,5,2019-05-22,56.7,38.7,1019.2,10.0,12.8,19.0,27.0,59.0,50.0,0.0,999.9,0,693
4,23,2019,5,2019-05-23,52.5,45.6,1022.9,10.0,10.5,17.1,999.9,61.0,46.0,0.0,999.9,0,722
5,24,2019,5,2019-05-24,59.3,52.2,1007.9,8.3,18.7,28.0,36.9,72.0,48.0,0.01,999.9,1,728
6,25,2019,5,2019-05-25,56.9,47.4,1020.9,10.0,9.7,24.1,35.0,72.0,45.0,0.0,999.9,0,520
7,26,2019,5,2019-05-26,57.6,54.3,1014.5,8.9,12.1,17.1,21.0,70.0,45.0,0.07,999.9,0,510
1,27,2019,5,2019-05-27,62.1,54.7,1010.3,10.0,11.4,20.0,22.0,69.1,51.1,0.0,999.9,0,442
2,28,2019,5,2019-05-28,51.6,48.8,1013.9,8.1,8.8,19.0,26.0,69.1,46.9,0.0,999.9,1,654
3,29,2019,5,2019-05-29,54.6,51.3,1007.6,8.1,13.2,20.0,25.1,60.1,46.9,0.45,999.9,0,601
4,30,2019,5,2019-05-30,51.3,48.8,1009.2,8.5,6.4,13.0,999.9,57.2,48.2,0.42,999.9,1,625
5,31,2019,5,2019-05-31,58.2,56.1,1006.5,4.7,8.4,15.0,17.1,72.0,48.9,0.48,999.9,1,765
6,1,2019,6,2019-06-01,55.3,53.2,1010.9,6.2,6.0,13.0,999.9,72.0,48.9,0.15,999.9,1,557
7,2,2019,6,2019-06-02,56.9,54.7,1008.0,5.1,6.9,11.1,999.9,64.9,52.0,0.0,999.9,1,515
1,3,2019,6,2019-06-03,60.4,51.0,1009.4,9.1,11.0,18.1,22.9,66.0,54.0,0.0,999.9,0,659
2,4,2019,6,2019-06-04,58.5,45.3,1016.7,10.0,12.6,18.1,24.1,66.0,51.1,0.0,999.9,0,615
3,5,2019,6,2019-06-05,59.8,55.0,1014.3,9.6,12.3,15.9,21.0,66.0,51.1,0.0,999.9,0,655
4,6,2019,6,2019-06-06,62.0,59.9,1007.5,5.2,12.5,18.1,24.1,68.0,59.0,0.61,999.9,1,744
5,7,2019,6,2019-06-07,59.8,55.3,1012.6,9.8,4.8,8.9,999.9,72.0,51.1,0.22,999.9,0,734
6,8,2019,6,2019-06-08,60.6,51.4,1019.3,9.8,9.1,18.1,22.0,72.0,51.1,0.0,999.9,0,580
7,9,2019,6,2019-06-09,57.7,43.7,1026.7,10.0,5.3,8.9,999.9,69.1,45.0,0.0,999.9,0,526
1,10,2019,6,2019-06-10,59.4,53.6,1022.9,10.0,10.5,14.0,999.9,66.9,45.0,0.0,999.9,0,613
2,11,2019,6,2019-06-11,63.7,61.5,1012.2,5.4,11.2,18.1,25.1,73.9,54.0,0.34,999.9,1,682
3,12,2019,6,2019-06-12,62.9,51.9,1019.8,10.0,8.2,15.0,999.9,73.9,57.0,0.57,999.9,0,686
4,13,2019,6,2019-06-13,56.7,53.8,1019.4,6.2,12.4,22.0,33.0,70.0,52.0,0.02,999.9,1,634
5,14,2019,6,2019-06-14,61.7,57.5,1011.3,8.2,13.0,19.0,24.1,64.0,57.0,0.87,999.9,1,749
6,15,2019,6,2019-06-15,62.7,55.1,1018.0,10.0,11.3,17.1,999.9,70.0,57.0,0.0,999.9,0,620
7,16,2019,6,2019-06-16,62.8,58.9,1014.2,9.3,13.2,18.1,24.1,70.0,57.9,0.0,999.9,0,509
1,17,2019,6,2019-06-17,66.0,60.9,1014.3,8.1,6.3,12.0,999.9,72.0,59.0,0.0,999.9,1,552
2,18,2019,6,2019-06-18,60.4,58.8,1015.1,5.7,5.2,8.9,999.9,64.0,55.9,0.02,999.9,1,721
3,19,2019,6,2019-06-19,62.3,59.6,1011.6,6.7,6.8,9.9,999.9,69.1,57.9,0.32,999.9,1,591
4,20,2019,6,2019-06-20,61.0,59.3,1003.1,3.0,8.1,12.0,999.9,64.0,57.0,0.12,999.9,1,697
5,21,2019,6,2019-06-21,63.2,61.5,997.5,3.8,10.0,17.1,22.0,66.9,57.0,0.01,999.9,1,771
6,22,2019,6,2019-06-22,64.7,58.2,1006.7,9.7,8.4,21.0,28.9,75.9,57.9,0.68,999.9,0,635
7,23,2019,6,2019-06-23,65.7,55.7,1011.3,10.0,11.4,17.1,27.0,77.0,57.0,0.29,999.9,0,559
1,24,2019,6,2019-06-24,68.5,57.6,1010.0,10.0,9.0,15.9,26.0,79.0,57.0,0.0,999.9,0,731
2,25,2019,6,2019-06-25,61.5,59.5,1013.4,6.0,8.5,12.0,999.9,79.0,57.9,0.0,999.9,1,662
3,26,2019,6,2019-06-26,67.3,64.0,1014.7,8.1,7.9,13.0,999.9,73.9,57.9,0.6,999.9,0,803
4,27,2019,6,2019-06-27,61.4,60.1,1019.2,5.6,4.2,8.9,999.9,73.9,57.0,0.13,999.9,1,734
5,28,2019,6,2019-06-28,66.8,62.9,1020.2,6.3,4.4,8.0,999.9,80.1,57.0,0.0,999.9,1,753
6,29,2019,6,2019-06-29,65.8,63.5,1017.4,7.9,7.6,14.0,999.9,80.1,57.9,0.0,999.9,1,660
7,30,2019,6,2019-06-30,69.3,63.3,1006.0,8.3,9.4,15.0,999.9,77.0,61.0,0.0,999.9,0,569
1,1,2019,7,2019-07-01,66.9,59.9,1010.0,10.0,10.4,15.9,22.0,77.0,62.1,0.21,999.9,0,693
2,2,2019,7,2019-07-02,67.9,63.1,1009.0,10.0,9.1,14.0,999.9,75.0,62.1,0.0,999.9,0,591
3,3,2019,7,2019-07-03,70.2,65.1,1009.9,9.2,5.0,8.9,999.9,80.1,59.0,0.0,999.9,0,654
4,4,2019,7,2019-07-04,66.6,63.7,1017.9,6.3,3.7,8.9,999.9,80.1,59.0,0.0,999.9,1,394
5,5,2019,7,2019-07-05,66.1,64.7,1021.4,4.7,3.9,8.0,999.9,75.9,59.0,0.0,999.9,1,542
6,6,2019,7,2019-07-06,68.9,67.6,1013.9,1.5,7.5,12.0,999.9,73.9,59.0,0.0,999.9,1,471
7,7,2019,7,2019-07-07,69.0,62.9,1012.1,7.1,11.2,22.0,25.1,73.9,62.1,0.01,999.9,1,441
1,8,2019,7,2019-07-08,64.9,56.7,1014.7,10.0,4.2,7.0,999.9,75.0,54.0,0.0,999.9,0,592
2,9,2019,7,2019-07-09,69.0,61.7,1015.8,9.7,6.5,11.1,999.9,80.1,54.0,0.0,999.9,0,661
3,10,2019,7,2019-07-10,71.5,65.8,1016.8,7.3,6.4,9.9,999.9,84.9,60.1,0.0,999.9,1,553
4,11,2019,7,2019-07-11,66.8,65.7,1015.9,2.2,5.8,11.1,999.9,84.9,64.0,0.0,999.9,1,658
5,12,2019,7,2019-07-12,70.8,68.3,1008.1,7.9,10.9,15.9,21.0,80.1,64.0,0.18,999.9,0,747
6,13,2019,7,2019-07-13,71.9,67.1,1010.7,8.1,7.5,14.0,999.9,80.1,66.0,0.28,999.9,1,558
7,14,2019,7,2019-07-14,71.8,68.1,1011.9,7.9,9.6,14.0,999.9,79.0,66.0,0.0,999.9,1,497
1,15,2019,7,2019-07-15,73.1,63.0,1015.0,10.0,9.1,14.0,999.9,79.0,66.9,0.0,999.9,0,637
2,16,2019,7,2019-07-16,70.3,65.9,1017.6,8.7,5.3,8.9,999.9,79.0,60.1,0.0,999.9,1,658
3,17,2019,7,2019-07-17,70.9,69.4,1015.0,5.7,9.3,17.1,25.1,79.0,60.1,0.0,999.9,1,630
4,18,2019,7,2019-07-18,71.4,71.0,1013.2,2.0,4.9,9.9,999.9,73.9,69.1,0.0,999.9,1,620
5,19,2019,7,2019-07-19,69.2,67.7,1011.4,4.7,8.1,15.0,999.9,77.0,64.9,99.99,999.9,1,666
6,20,2019,7,2019-07-20,76.2,72.3,1009.2,6.1,9.1,12.0,999.9,87.1,64.9,0.0,999.9,1,586
7,21,2019,7,2019-07-21,76.7,72.4,1007.5,6.7,10.7,13.0,999.9,87.1,70.0,0.0,999.9,0,477
1,22,2019,7,2019-07-22,76.5,70.8,1009.8,9.5,7.0,12.0,999.9,87.1,69.1,0.0,999.9,0,640
2,23,2019,7,2019-07-23,70.4,67.8,1008.4,7.8,10.6,18.1,24.1,77.0,64.4,0.0,999.9,1,553
3,24,2019,7,2019-07-24,66.1,62.0,1012.9,9.9,9.1,15.0,22.0,71.6,62.6,0.0,999.9,0,626
4,25,2019,7,2019-07-25,69.5,61.4,1017.7,10.0,5.8,12.0,999.9,78.1,61.0,0.0,999.9,0,605
5,26,2019,7,2019-07-26,67.1,58.9,1024.0,9.4,3.4,8.9,999.9,78.1,59.0,0.0,999.9,1,650
6,27,2019,7,2019-07-27,67.1,58.1,1025.2,10.0,4.9,8.9,999.9,75.9,55.9,0.0,999.9,0,602
7,28,2019,7,2019-07-28,66.9,62.9,1020.3,9.6,7.3,15.0,999.9,75.9,55.9,0.0,999.9,0,527
1,29,2019,7,2019-07-29,72.8,69.7,1015.9,8.9,9.3,13.0,999.9,80.1,59.0,0.0,999.9,0,649
2,30,2019,7,2019-07-30,73.0,71.1,1016.3,6.6,7.8,12.0,999.9,80.1,69.1,0.0,999.9,1,638
3,31,2019,7,2019-07-31,72.9,70.9,1017.2,5.6,7.0,12.0,999.9,79.0,68.0,0.0,999.9,1,604
4,1,2019,8,2019-08-01,74.3,70.3,1017.3,5.9,6.0,9.9,999.9,82.9,68.0,0.0,999.9,1,618
5,2,2019,8,2019-08-02,71.6,64.1,1019.8,7.4,4.7,8.9,999.9,82.9,60.1,0.0,999.9,1,610
6,3,2019,8,2019-08-03,70.3,66.6,1018.0,10.0,6.3,9.9,999.9,80.1,60.1,0.0,999.9,0,566
7,4,2019,8,2019-08-04,73.3,70.4,1012.6,9.9,7.9,11.1,999.9,78.1,60.1,0.0,999.9,0,499
1,5,2019,8,2019-08-05,70.2,62.3,1014.4,9.9,6.9,14.0,999.9,78.1,64.0,0.0,999.9,0,616
2,6,2019,8,2019-08-06,68.9,65.5,1013.4,9.8,7.2,9.9,999.9,77.0,63.0,0.0,999.9,0,551
3,7,2019,8,2019-08-07,70.2,66.6,1012.0,10.0,7.2,13.0,999.9,78.1,61.0,0.0,999.9,0,608
4,8,2019,8,2019-08-08,73.3,69.8,1007.8,9.4,11.5,19.0,54.0,78.1,61.0,0.0,999.9,0,646
5,9,2019,8,2019-08-09,73.7,67.3,1006.1,8.9,10.4,15.9,999.9,78.1,69.1,0.0,999.9,0,645
6,10,2019,8,2019-08-10,71.2,62.7,1007.8,10.0,10.5,20.0,24.1,78.1,64.0,0.0,999.9,0,572
7,11,2019,8,2019-08-11,68.8,57.0,1013.3,10.0,9.4,17.1,22.0,75.9,62.1,0.0,999.9,0,484
1,12,2019,8,2019-08-12,71.2,63.9,1014.3,10.0,9.3,14.0,999.9,78.1,63.0,0.0,999.9,0,586
2,13,2019,8,2019-08-13,71.2,68.7,1011.2,7.9,8.4,12.0,999.9,78.1,66.0,99.99,999.9,0,469
3,14,2019,8,2019-08-14,71.1,68.7,1009.9,8.6,6.8,12.0,999.9,75.9,66.0,99.99,999.9,0,537
4,15,2019,8,2019-08-15,68.6,64.8,1015.3,8.6,8.5,13.0,18.1,75.9,63.0,0.0,999.9,0,560
5,16,2019,8,2019-08-16,66.6,64.4,1017.6,7.8,7.0,11.1,999.9,73.9,62.1,0.0,999.9,1,523
6,17,2019,8,2019-08-17,67.5,65.3,1017.6,3.8,7.1,11.1,999.9,77.0,62.1,0.0,999.9,1,533
7,18,2019,8,2019-08-18,71.2,69.7,1016.4,4.2,4.0,9.9,999.9,79.0,62.1,0.0,999.9,1,481
1,19,2019,8,2019-08-19,73.3,72.1,1015.6,3.5,6.3,9.9,999.9,80.1,68.0,0.0,999.9,1,563
2,20,2019,8,2019-08-20,75.5,68.2,1017.0,10.0,6.8,9.9,999.9,82.9,66.9,0.0,999.9,0,574
3,21,2019,8,2019-08-21,70.6,68.5,1016.2,8.1,7.2,21.0,26.0,82.9,62.1,99.99,999.9,1,522
4,22,2019,8,2019-08-22,74.6,72.8,1011.5,7.2,8.1,13.0,999.9,80.1,66.0,0.0,999.9,1,587
5,23,2019,8,2019-08-23,72.0,65.8,1013.2,9.4,7.2,13.0,999.9,80.1,66.9,0.0,999.9,0,569
6,24,2019,8,2019-08-24,68.3,58.5,1018.7,10.0,12.3,17.1,22.0,75.9,63.0,0.0,999.9,0,514
7,25,2019,8,2019-08-25,65.5,59.5,1023.9,10.0,13.6,22.9,32.1,72.0,61.0,0.0,999.9,0,482
1,26,2019,8,2019-08-26,64.3,57.8,1022.1,10.0,13.7,21.0,28.0,71.1,60.1,0.0,999.9,0,494
2,27,2019,8,2019-08-27,60.4,54.5,1019.4,10.0,4.7,8.9,999.9,70.0,50.0,0.0,999.9,0,529
3,28,2019,8,2019-08-28,65.4,61.6,1015.1,9.2,7.7,20.0,27.0,72.0,50.0,99.99,999.9,0,553
4,29,2019,8,2019-08-29,71.0,68.2,1009.4,6.3,9.5,18.1,22.9,75.0,59.0,99.99,999.9,0,592
5,30,2019,8,2019-08-30,68.0,63.3,1015.6,9.2,7.9,14.0,999.9,75.0,57.9,0.0,999.9,0,630
6,31,2019,8,2019-08-31,70.3,60.1,1020.7,9.1,5.3,8.9,999.9,79.0,57.9,0.0,999.9,1,502
7,1,2019,9,2019-09-01,63.8,56.6,1026.5,10.0,6.9,9.9,999.9,79.0,55.9,0.0,999.9,0,473
1,2,2019,9,2019-09-02,64.9,60.9,1021.2,10.0,6.4,9.9,999.9,73.0,55.9,0.0,999.9,0,427
2,3,2019,9,2019-09-03,70.0,65.8,1016.3,8.9,6.8,13.0,999.9,75.0,57.9,99.99,999.9,1,652
3,4,2019,9,2019-09-04,66.6,64.8,1015.1,6.6,7.7,12.0,999.9,77.0,57.9,0.0,999.9,1,600
4,5,2019,9,2019-09-05,67.7,60.6,1016.7,9.5,9.7,14.0,19.0,77.0,57.9,99.99,999.9,0,628
5,6,2019,9,2019-09-06,59.3,55.0,1016.1,9.1,9.3,17.1,27.0,71.1,54.0,99.99,999.9,0,591
6,7,2019,9,2019-09-07,62.1,58.3,1003.1,7.4,20.3,33.0,44.1,68.0,54.0,99.99,999.9,0,489
7,8,2019,9,2019-09-08,66.0,58.0,1014.1,10.0,10.5,14.0,999.9,71.1,59.0,0.0,999.9,0,462
1,9,2019,9,2019-09-09,63.9,58.4,1023.2,9.8,4.5,8.9,999.9,72.0,57.0,0.0,999.9,0,603
2,10,2019,9,2019-09-10,62.8,57.5,1027.3,10.0,6.2,8.9,999.9,72.0,57.0,0.0,999.9,0,605
3,11,2019,9,2019-09-11,68.3,64.1,1022.3,10.0,10.2,15.0,999.9,73.9,57.9,0.0,999.9,0,624
4,12,2019,9,2019-09-12,65.4,63.4,1018.9,6.2,11.2,19.0,24.1,73.9,59.0,0.32,999.9,1,689
5,13,2019,9,2019-09-13,59.6,50.1,1029.0,10.0,11.8,18.1,25.1,71.1,54.0,0.38,999.9,0,687
6,14,2019,9,2019-09-14,60.7,54.2,1028.6,10.0,10.4,15.9,999.9,69.1,52.0,0.0,999.9,0,488
7,15,2019,9,2019-09-15,68.2,65.3,1020.4,8.8,8.2,12.0,999.9,75.0,52.0,0.02,999.9,0,604
1,16,2019,9,2019-09-16,65.4,58.5,1016.8,9.6,7.4,14.0,999.9,75.0,57.0,0.0,999.9,0,620
2,17,2019,9,2019-09-17,61.5,53.0,1018.2,10.0,9.2,15.9,20.0,70.0,54.0,0.0,999.9,0,635
3,18,2019,9,2019-09-18,56.0,48.7,1022.6,9.9,11.3,21.0,27.0,68.0,51.1,0.0,999.9,0,605
4,19,2019,9,2019-09-19,57.3,45.7,1025.5,10.0,11.4,15.9,22.0,64.0,50.0,0.02,999.9,0,605
5,20,2019,9,2019-09-20,58.8,50.6,1022.2,10.0,6.6,12.0,999.9,69.1,45.0,0.0,999.9,0,688
6,21,2019,9,2019-09-21,67.0,59.2,1021.2,9.9,6.5,11.1,999.9,75.9,60.1,0.0,999.9,0,577
7,22,2019,9,2019-09-22,64.6,62.1,1021.0,6.4,6.5,11.1,999.9,78.1,57.0,0.0,999.9,1,515
1,23,2019,9,2019-09-23,68.5,65.6,1013.3,8.1,12.0,15.9,19.0,73.0,57.0,0.0,999.9,0,639
2,24,2019,9,2019-09-24,68.6,64.4,1006.9,7.8,11.1,17.1,26.0,73.0,64.9,0.92,999.9,0,628
3,25,2019,9,2019-09-25,63.8,54.6,1009.9,10.0,9.7,13.0,17.1,73.0,59.0,0.0,999.9,0,604
4,26,2019,9,2019-09-26,64.7,61.4,1010.9,9.9,8.0,13.0,999.9,72.0,57.0,0.0,999.9,0,645
5,27,2019,9,2019-09-27,63.5,56.6,1017.6,8.8,7.7,15.9,21.0,72.0,55.0,0.27,999.9,0,703
6,28,2019,9,2019-09-28,63.8,59.3,1020.9,10.0,8.2,12.0,999.9,70.0,54.0,0.0,999.9,0,532
7,29,2019,9,2019-09-29,66.9,62.0,1021.4,8.7,11.4,20.0,26.0,72.0,55.0,0.0,999.9,0,488
1,30,2019,9,2019-09-30,56.3,48.8,1026.3,10.0,7.8,13.0,999.9,72.0,48.0,0.0,999.9,0,435
2,1,2019,10,2019-10-01,59.4,53.9,1020.6,10.0,8.4,14.0,999.9,66.9,48.0,0.0,999.9,0,454
3,2,2019,10,2019-10-02,67.6,64.0,1009.7,8.9,13.4,17.1,25.1,78.1,53.1,0.0,999.9,0,688
4,3,2019,10,2019-10-03,55.3,47.3,1019.7,10.0,12.5,18.1,24.1,61.0,53.1,0.09,999.9,0,690
5,4,2019,10,2019-10-04,57.4,51.3,1015.5,9.4,14.6,25.1,35.0,63.0,52.0,0.08,999.9,0,708
6,5,2019,10,2019-10-05,51.9,37.9,1027.7,10.0,12.2,22.9,32.1,63.0,42.1,0.04,999.9,0,557
7,6,2019,10,2019-10-06,52.0,46.1,1029.5,10.0,7.2,15.9,999.9,64.9,37.0,0.0,999.9,0,435
1,7,2019,10,2019-10-07,66.9,61.7,1023.9,10.0,12.9,15.9,999.9,71.1,64.9,0.0,999.9,0,575
2,8,2019,10,2019-10-08,61.3,58.0,1022.2,9.3,12.1,18.1,22.9,73.0,57.9,0.18,999.9,0,523
3,9,2019,10,2019-10-09,56.9,53.6,1022.1,7.8,19.5,26.0,39.0,66.9,55.0,0.17,999.9,0,383
4,10,2019,10,2019-10-10,54.5,51.8,1018.5,4.9,28.8,34.0,47.0,57.0,53.6,0.72,999.9,0,615
5,11,2019,10,2019-10-11,55.5,53.4,1015.1,3.6,26.1,33.0,41.0,57.2,53.6,2.71,999.9,0,606
6,12,2019,10,2019-10-12,56.2,54.1,1011.6,6.7,19.9,28.0,36.9,61.0,55.0,0.12,999.9,0,502
7,13,2019,10,2019-10-13,57.6,53.3,1016.5,9.6,6.0,13.0,999.9,64.9,50.0,0.02,999.9,0,441
1,14,2019,10,2019-10-14,57.7,55.9,1015.7,7.1,6.5,12.0,999.9,66.9,48.0,0.25,999.9,1,400
2,15,2019,10,2019-10-15,56.7,48.8,1018.2,10.0,8.9,15.0,21.0,66.9,48.9,0.25,999.9,0,549
3,16,2019,10,2019-10-16,51.5,46.0,1015.6,9.9,9.3,18.1,27.0,60.1,39.0,0.0,999.9,0,658
4,17,2019,10,2019-10-17,58.2,50.0,990.0,9.9,28.0,35.0,49.9,64.0,55.4,0.86,999.9,0,608
5,18,2019,10,2019-10-18,55.0,42.4,1002.8,10.0,14.9,21.0,39.0,64.0,51.1,0.21,999.9,0,634
6,19,2019,10,2019-10-19,50.5,39.4,1014.9,10.0,10.9,15.0,22.0,60.1,46.0,0.0,999.9,0,586
7,20,2019,10,2019-10-20,49.3,44.1,1018.2,10.0,3.9,9.9,999.9,59.0,39.0,0.0,999.9,0,500
1,21,2019,10,2019-10-21,55.2,52.0,1016.7,9.5,13.5,20.0,28.0,60.1,39.0,0.2,999.9,0,559
2,22,2019,10,2019-10-22,56.3,52.8,1018.7,7.9,11.5,15.0,22.0,61.0,53.1,0.11,999.9,0,562
3,23,2019,10,2019-10-23,61.4,57.7,1011.4,6.6,11.3,17.1,24.1,68.0,53.1,0.04,999.9,1,669
4,24,2019,10,2019-10-24,55.5,45.3,1023.6,10.0,6.7,11.1,999.9,68.0,43.0,0.24,999.9,0,613
5,25,2019,10,2019-10-25,55.9,51.1,1025.2,9.6,6.0,9.9,999.9,64.0,43.0,0.0,999.9,1,647
6,26,2019,10,2019-10-26,55.2,50.0,1022.8,7.9,7.3,15.0,21.0,64.0,46.0,0.0,999.9,1,525
7,27,2019,10,2019-10-27,53.4,47.2,1022.7,7.6,14.3,27.0,38.1,62.6,44.1,0.0,999.9,0,467
1,28,2019,10,2019-10-28,56.0,52.3,1016.4,8.3,17.1,25.1,36.9,64.4,53.1,1.67,999.9,1,607
2,29,2019,10,2019-10-29,55.1,49.4,1026.8,9.9,7.7,9.9,999.9,60.1,52.0,0.0,999.9,0,639
3,30,2019,10,2019-10-30,57.8,54.9,1025.6,8.4,7.9,13.0,999.9,64.0,53.1,0.0,999.9,0,595
4,31,2019,10,2019-10-31,62.5,60.2,1017.7,5.4,13.1,18.1,24.1,64.9,53.1,0.7,999.9,0,616
5,1,2019,11,2019-11-01,58.7,48.7,1011.6,8.4,20.2,32.1,53.0,66.9,50.0,0.23,999.9,0,782
6,2,2019,11,2019-11-02,47.0,34.5,1021.6,10.0,7.2,15.9,22.0,66.9,36.0,0.11,999.9,0,506
7,3,2019,11,2019-11-03,51.0,36.8,1016.8,10.0,7.5,12.0,999.9,55.9,36.0,0.0,999.9,0,479
1,4,2019,11,2019-11-04,48.1,30.0,1026.3,10.0,7.5,12.0,999.9,55.9,42.1,0.0,999.9,0,623
2,5,2019,11,2019-11-05,56.6,50.5,1025.2,9.6,11.5,15.0,999.9,62.1,42.1,0.01,999.9,0,440
3,6,2019,11,2019-11-06,51.5,38.9,1024.1,9.9,10.5,17.1,22.0,62.1,41.0,0.38,999.9,0,615
4,7,2019,11,2019-11-07,51.4,42.7,1023.4,9.8,7.8,17.1,999.9,60.1,35.1,0.0,999.9,0,669
5,8,2019,11,2019-11-08,42.7,31.3,1014.8,10.0,15.7,25.1,38.1,60.1,34.0,0.11,999.9,0,676
6,9,2019,11,2019-11-09,35.3,21.8,1024.6,10.0,10.2,21.0,29.9,48.9,32.0,0.06,999.9,0,502
7,10,2019,11,2019-11-10,48.3,37.2,1019.5,10.0,8.8,17.1,999.9,54.0,32.0,0.0,999.9,0,457
1,11,2019,11,2019-11-11,51.5,43.4,1019.0,10.0,7.7,14.0,999.9,59.0,37.9,0.0,999.9,0,481
2,12,2019,11,2019-11-12,53.9,50.4,1009.5,8.4,13.1,24.1,35.9,60.1,33.1,0.0,999.9,0,595
3,13,2019,11,2019-11-13,29.0,11.6,1019.9,9.3,17.5,22.9,35.9,33.1,23.0,0.25,999.9,0,599
4,14,2019,11,2019-11-14,35.0,24.6,1030.7,10.0,8.0,15.9,17.1,48.0,21.9,0.0,999.9,0,545
5,15,2019,11,2019-11-15,49.3,42.0,1022.5,9.8,11.0,15.9,20.0,54.0,45.0,0.0,999.9,0,621
6,16,2019,11,2019-11-16,39.7,24.5,1026.2,10.0,18.4,28.0,35.0,55.0,34.0,0.03,999.9,0,527
7,17,2019,11,2019-11-17,41.5,29.4,1027.1,10.0,14.2,22.0,29.9,46.0,34.0,0.0,999.9,0,444
1,18,2019,11,2019-11-18,48.4,44.7,1006.8,3.6,21.7,26.0,35.9,51.1,39.0,0.07,999.9,0,743
2,19,2019,11,2019-11-19,46.5,43.1,1005.8,8.4,7.5,19.0,27.0,51.1,43.0,0.38,999.9,0,630
3,20,2019,11,2019-11-20,44.8,39.8,1009.7,9.1,10.0,18.1,22.9,51.1,41.0,0.04,999.9,0,526
4,21,2019,11,2019-11-21,43.3,36.2,1017.1,10.0,13.0,20.0,26.0,48.9,34.0,0.09,999.9,0,647
5,22,2019,11,2019-11-22,48.1,43.4,1011.4,8.8,10.6,19.0,29.9,57.0,32.0,0.01,999.9,0,633
6,23,2019,11,2019-11-23,40.4,24.6,1012.4,10.0,13.9,21.0,32.1,57.0,36.0,0.22,999.9,0,528
7,24,2019,11,2019-11-24,50.2,45.5,1000.6,7.5,13.0,22.9,35.9,57.9,36.0,0.1,999.9,0,517
1,25,2019,11,2019-11-25,45.4,36.5,1004.1,10.0,12.8,24.1,33.0,57.9,41.0,0.4,999.9,0,641
2,26,2019,11,2019-11-26,46.5,42.5,1015.7,10.0,5.4,9.9,999.9,55.9,35.1,0.0,999.9,1,702
3,27,2019,11,2019-11-27,48.5,46.0,1016.5,6.0,6.0,17.1,999.9,55.9,35.1,0.0,999.9,1,561
4,28,2019,11,2019-11-28,47.2,41.0,1000.4,8.9,20.5,31.1,44.1,55.0,39.0,0.09,999.9,0,374
5,29,2019,11,2019-11-29,40.5,30.5,1015.6,10.0,20.1,28.9,44.1,55.0,37.9,0.09,999.9,0,425
6,30,2019,11,2019-11-30,35.0,18.3,1013.2,10.0,15.8,24.1,29.9,42.1,30.9,0.0,999.9,0,465
7,1,2019,12,2019-12-01,36.7,26.8,1014.3,10.0,7.5,15.0,19.0,42.1,30.0,0.0,999.9,0,409
1,2,2019,12,2019-12-02,44.8,41.3,996.1,4.3,20.5,28.0,36.9,46.9,30.0,0.67,999.9,0,580
2,3,2019,12,2019-12-03,39.9,36.3,990.8,5.2,18.6,27.0,34.0,48.2,33.1,0.6,999.9,0,620
3,4,2019,12,2019-12-04,36.6,27.4,998.7,10.0,7.5,17.1,24.1,48.0,32.0,0.23,999.9,0,552
4,5,2019,12,2019-12-05,39.6,30.2,1002.0,10.0,8.4,15.9,24.1,46.0,32.0,0.0,999.9,0,597
5,6,2019,12,2019-12-06,38.3,25.4,1016.2,10.0,14.2,19.0,33.0,48.0,32.0,0.0,999.9,0,563
6,7,2019,12,2019-12-07,36.4,25.7,1022.2,10.0,12.9,21.0,28.0,48.9,27.0,0.03,999.9,0,566
7,8,2019,12,2019-12-08,31.8,19.5,1032.5,10.0,8.7,15.0,19.0,41.0,21.9,0.0,999.9,0,455
1,9,2019,12,2019-12-09,48.2,43.6,1024.0,7.3,13.5,18.1,25.1,52.0,39.9,0.0,999.9,0,737
2,10,2019,12,2019-12-10,53.1,51.0,1010.4,1.8,16.0,26.0,34.0,55.4,51.1,0.98,999.9,1,667
3,11,2019,12,2019-12-11,39.9,36.7,1020.1,4.9,10.5,20.0,28.0,55.0,30.0,0.12,999.9,0,578
4,12,2019,12,2019-12-12,31.1,19.7,1034.8,10.0,11.7,20.0,27.0,45.0,25.0,0.0,999.9,0,599
5,13,2019,12,2019-12-13,38.7,31.8,1033.4,9.8,10.3,18.1,25.1,50.0,21.9,0.0,999.9,0,760
6,14,2019,12,2019-12-14,52.7,51.3,1010.4,3.1,16.5,28.9,40.0,57.2,48.9,2.15,999.9,1,577
7,15,2019,12,2019-12-15,47.7,38.4,1001.7,8.0,19.8,27.0,35.9,57.9,44.1,0.84,999.9,1,503
1,16,2019,12,2019-12-16,35.4,19.8,1020.9,10.0,11.0,22.0,32.1,48.9,32.0,0.0,999.9,0,519
2,17,2019,12,2019-12-17,37.5,32.0,1012.7,7.3,7.3,14.0,19.0,45.0,30.0,0.2,999.9,0,700
3,18,2019,12,2019-12-18,39.3,35.2,1004.4,7.6,12.5,18.1,24.1,45.0,30.0,0.55,999.9,0,701
4,19,2019,12,2019-12-19,24.2,8.3,1016.0,10.0,18.4,22.0,39.0,43.0,17.1,0.04,999.9,0,699
5,20,2019,12,2019-12-20,24.2,11.6,1027.8,10.0,13.5,21.0,28.9,30.0,17.1,0.0,999.9,0,698
6,21,2019,12,2019-12-21,33.3,25.6,1035.1,10.0,5.2,8.9,999.9,39.9,19.9,0.0,999.9,0,520
7,22,2019,12,2019-12-22,41.3,34.9,1026.8,9.6,9.1,15.0,999.9,46.9,28.9,0.0,999.9,0,510
1,23,2019,12,2019-12-23,44.3,38.3,1017.8,7.5,11.4,15.9,999.9,50.0,37.9,0.0,999.9,0,593
2,24,2019,12,2019-12-24,42.8,33.7,1015.2,10.0,12.0,18.1,22.0,50.0,34.0,0.0,999.9,0,530
3,25,2019,12,2019-12-25,35.6,28.9,1022.2,10.0,4.7,8.0,999.9,46.9,28.0,0.0,999.9,0,264
4,26,2019,12,2019-12-26,35.9,30.3,1025.7,10.0,5.9,14.0,999.9,46.4,28.9,0.0,999.9,0,414
5,27,2019,12,2019-12-27,40.1,35.0,1026.1,10.0,7.6,12.0,999.9,48.0,28.9,0.0,999.9,0,448
6,28,2019,12,2019-12-28,44.5,39.1,1019.1,9.0,9.1,14.0,999.9,48.2,37.0,0.0,999.9,0,355
7,29,2019,12,2019-12-29,38.4,30.4,1021.7,10.0,6.8,11.1,999.9,48.0,30.9,0.0,999.9,0,384
1,30,2019,12,2019-12-30,39.6,36.3,1017.1,5.2,13.0,25.1,35.0,45.0,30.9,0.39,999.9,0,518
2,31,2019,12,2019-12-31,44.7,42.6,1002.6,4.8,14.7,31.1,39.0,52.0,37.9,0.88,999.9,1,443
3,1,2020,1,2020-01-01,40.3,29.9,1003.0,10.0,11.4,20,26.0,52.0,36.0,0.01,999.9,1,346
4,2,2020,1,2020-01-02,39.6,28.9,1011.8,10.0,13,19,26.0,46.0,33.1,0.01,999.9,0,413
5,3,2020,1,2020-01-03,45.8,42.9,1010.3,7.0,10.3,15,999.9,46.9,33.1,0.0,999.9,1,456
6,4,2020,1,2020-01-04,45.4,43.9,1005.6,3.6,5.7,9.9,999.9,48.9,44.1,0.08,999.9,1,353
7,5,2020,1,2020-01-05,40.1,33.8,1001.6,7.1,17,27,38.1,48.9,36.0,0.38,999.9,1,291
1,6,2020,1,2020-01-06,33.5,24.0,1013.2,9.9,5.3,15,999.9,43.0,24.1,0.01,999.9,1,459
2,7,2020,1,2020-01-07,39.0,26.6,1016.6,10.0,8,13,999.9,43.0,24.1,0.0,999.9,0,408
3,8,2020,1,2020-01-08,37.2,31.1,1009.8,8.4,14.1,24.1,35.0,43.0,33.1,0.49,999.9,1,454
4,9,2020,1,2020-01-09,29.5,10.8,1030.7,10.0,15.3,22,35.0,42.1,24.1,0.34,999.9,0,521
5,10,2020,1,2020-01-10,39.7,32.2,1036.6,9.3,11.3,17.1,24.1,50.0,21.0,0.0,999.9,0,521
6,11,2020,1,2020-01-11,49.4,46.1,1028.6,6.7,13.8,21,27.0,53.1,46.9,0.0,999.9,1,439
7,12,2020,1,2020-01-12,52.0,49.4,1017.2,2.9,19,26,36.9,55.9,44.6,0.0,999.9,1,391
1,13,2020,1,2020-01-13,42.5,37.0,1029.6,9.5,9.2,13,999.9,57.0,39.9,0.01,999.9,0,476
2,14,2020,1,2020-01-14,41.5,37.7,1026.2,8.8,5.3,8.9,999.9,44.1,37.9,0.0,999.9,0,497
3,15,2020,1,2020-01-15,43.9,38.3,1019.4,8.2,5.4,14,15.0,51.1,35.1,0.02,999.9,1,508
4,16,2020,1,2020-01-16,40.4,34.3,1010.7,6.6,11,28.9,44.1,48.9,30.2,0.01,999.9,1,547
5,17,2020,1,2020-01-17,27.1,10.8,1023.8,10.0,24,28.9,40.0,50.0,21.9,0.04,999.9,0,566
6,18,2020,1,2020-01-18,23.5,14.3,1032.4,9.6,8.4,17.1,29.9,33.1,19.0,0.0,999.9,1,774
7,19,2020,1,2020-01-19,41.2,35.8,1004.9,7.5,14.4,22,27.0,46.9,19.0,0.21,999.9,1,360
1,20,2020,1,2020-01-20,28.1,16.1,1015.1,10.0,15.7,20,27.0,46.9,21.9,0.04,999.9,0,390
2,21,2020,1,2020-01-21,27.8,15.2,1026.8,10.0,11.5,15.9,999.9,34.0,21.9,0.0,999.9,0,556
3,22,2020,1,2020-01-22,27.1,14.3,1029.8,10.0,4.2,8.9,999.9,34.0,17.1,0.0,999.9,0,489
4,23,2020,1,2020-01-23,32.3,26.5,1029.2,9.7,4.7,11.1,999.9,45.0,17.1,0.0,999.9,0,451
5,24,2020,1,2020-01-24,37.3,33.7,1028.5,6.5,3.3,8,999.9,46.0,19.9,0.0,999.9,1,524
6,25,2020,1,2020-01-25,43.1,39.6,1023.5,9.0,12.3,20,28.9,48.9,28.0,0.0,999.9,1,383
7,26,2020,1,2020-01-26,44.3,40.7,1006.4,6.5,13,19,28.0,51.1,36.0,0.44,999.9,1,397
1,27,2020,1,2020-01-27,40.1,33.8,1004.3,10.0,10.5,18.1,24.1,51.1,36.0,0.01,999.9,0,452
2,28,2020,1,2020-01-28,39.4,28.8,1005.1,10.0,9.8,17.1,21.0,45.0,36.0,0.0,999.9,0,404
3,29,2020,1,2020-01-29,35.3,22.5,1013.1,10.0,12.9,17.1,22.9,43.0,30.0,0.0,999.9,0,494
4,30,2020,1,2020-01-30,31.6,19.4,1023.4,10.0,9.4,15,999.9,37.0,21.9,0.0,999.9,0,525
5,31,2020,1,2020-01-31,29.8,22.3,1027.4,10.0,3.3,8.9,999.9,39.9,19.0,0.0,999.9,0,518
6,1,2020,2,2020-02-01,39.7,35.2,1015.9,9.9,7.2,12,999.9,44.1,37.0,0.04,999.9,1,409
7,2,2020,2,2020-02-02,38.5,33.0,1000.4,9.3,7.9,12,999.9,42.1,35.6,0.0,999.9,1,391
1,3,2020,2,2020-02-03,38.8,32.1,1005.6,9.9,8.1,15,22.0,45.0,32.0,0.0,999.9,0,559
2,4,2020,2,2020-02-04,42.2,39.4,1010.2,9.2,7.6,14,999.9,48.0,32.0,0.0,999.9,1,464
3,5,2020,2,2020-02-05,41.0,35.8,1012.6,8.0,8.4,15.9,22.9,48.0,32.0,0.06,999.9,1,432
4,6,2020,2,2020-02-06,41.6,37.8,1010.3,5.3,12.9,25.1,29.9,48.9,35.1,0.24,999.9,1,544
5,7,2020,2,2020-02-07,46.3,43.6,989.1,5.0,16.4,39,51.1,55.9,37.9,0.88,999.9,1,604
6,8,2020,2,2020-02-08,34.2,19.7,1013.3,10.0,17.5,32.1,47.0,39.0,28.9,0.03,999.9,0,466
7,9,2020,2,2020-02-09,33.1,21.6,1032.4,10.0,7.6,13,999.9,39.9,23.0,0.0,999.9,0,373
1,10,2020,2,2020-02-10,43.5,37.7,1025.2,9.1,14.1,20,27.0,46.9,39.0,0.01,999.9,1,572
2,11,2020,2,2020-02-11,44.1,42.8,1017.5,3.1,6,9.9,999.9,48.9,41.0,0.31,999.9,1,458
3,12,2020,2,2020-02-12,40.7,29.4,1015.6,9.9,11.4,18.1,28.9,48.9,37.0,0.73,999.9,0,438
4,13,2020,2,2020-02-13,41.3,38.0,1010.6,7.0,7.9,17.1,999.9,45.0,37.0,0.45,999.9,1,504
5,14,2020,2,2020-02-14,33.8,24.6,1017.3,10.0,13.8,25.1,32.1,45.0,23.0,0.2,999.9,0,632
6,15,2020,2,2020-02-15,22.8,12.1,1033.9,10.0,9.3,17.1,21.0,39.0,19.0,0.0,999.9,0,440
7,16,2020,2,2020-02-16,37.9,29.8,1023.3,10.0,13.4,19,27.0,43.0,19.0,0.0,999.9,0,387
1,17,2020,2,2020-02-17,38.5,29.4,1021.6,10.0,7.2,14,999.9,48.0,30.9,0.0,999.9,0,339
2,18,2020,2,2020-02-18,37.2,30.1,1028.3,9.2,12.1,20,28.9,48.0,28.0,0.0,999.9,1,428
3,19,2020,2,2020-02-19,44.0,34.0,1018.1,7.7,12.1,17.1,25.1,48.0,28.0,0.03,999.9,1,477
4,20,2020,2,2020-02-20,31.4,11.5,1028.0,10.0,10.9,17.1,24.1,46.9,28.0,0.0,999.9,0,448
5,21,2020,2,2020-02-21,27.7,13.6,1028.7,9.9,11.6,18.1,25.1,33.1,21.9,0.0,999.9,1,504
6,22,2020,2,2020-02-22,34.9,20.3,1023.6,10.0,12.5,20,26.0,43.0,19.9,0.0,999.9,0,407
7,23,2020,2,2020-02-23,39.9,33.7,1021.4,9.8,9.1,12,999.9,48.0,30.0,0.0,999.9,0,392
1,24,2020,2,2020-02-24,41.1,36.7,1018.9,8.9,7.7,11.1,999.9,50.0,28.9,0.0,999.9,1,493
2,25,2020,2,2020-02-25,44.0,41.8,1014.5,5.6,5.4,8.9,999.9,50.0,28.9,0.05,999.9,1,527
3,26,2020,2,2020-02-26,44.5,42.8,1013.9,4.7,7,12,999.9,48.0,42.1,0.08,999.9,1,449
4,27,2020,2,2020-02-27,44.6,39.4,1000.5,4.8,18.5,28,41.0,51.1,39.0,0.43,999.9,1,581
5,28,2020,2,2020-02-28,36.4,17.4,1007.4,10.0,21.5,27,40.0,51.1,32.0,0.21,999.9,0,530
6,29,2020,2,2020-02-29,34.1,16.6,1009.1,10.0,8.9,19,22.9,39.9,24.1,0.0,999.9,0,456
7,1,2020,3,2020-03-01,28.7,11.6,1015.4,10.0,13,18.1,24.1,39.0,21.9,0.0,999.9,0,423
1,2,2020,3,2020-03-02,36.3,24.0,1019.7,10.0,9.4,19,24.1,48.0,18.0,0.0,999.9,0,562
2,3,2020,3,2020-03-03,46.4,41.6,1009.0,8.0,11.6,20,28.0,50.0,44.1,0.02,999.9,1,550
3,4,2020,3,2020-03-04,46.7,39.6,1002.6,7.3,16.8,26,35.9,51.1,43.0,0.06,999.9,1,540
4,5,2020,3,2020-03-05,43.5,30.3,1014.4,10.0,12.3,18.1,24.1,51.1,39.0,0.03,999.9,0,529
5,6,2020,3,2020-03-06,40.0,32.5,1015.0,9.5,10.8,26,41.0,50.0,28.9,0.0,999.9,0,673
6,7,2020,3,2020-03-07,34.3,24.3,1013.4,6.5,27.8,41,52.1,48.9,28.0,0.01,999.9,1,515
7,8,2020,3,2020-03-08,38.6,22.8,1026.4,10.0,13.4,20,27.0,46.9,28.0,0.0,999.9,0,408
1,9,2020,3,2020-03-09,44.7,38.2,1026.4,9.2,14.5,18.1,999.9,50.0,30.0,0.0,999.9,0,546
2,10,2020,3,2020-03-10,46.3,41.4,1020.4,7.5,13.8,17.1,22.9,52.0,41.0,0.0,999.9,0,450
3,11,2020,3,2020-03-11,47.2,39.3,1016.5,8.7,11.7,18.1,25.1,52.0,39.0,0.0,999.9,0,473
4,12,2020,3,2020-03-12,40.6,35.3,1022.1,9.1,7.5,13,999.9,51.1,30.9,0.0,999.9,0,456
5,13,2020,3,2020-03-13,46.4,43.3,1018.9,5.6,16.9,22,29.9,52.0,43.0,0.0,999.9,1,551
6,14,2020,3,2020-03-14,45.3,32.8,1020.6,9.0,14.1,22.9,32.1,52.0,41.0,0.21,999.9,1,371
7,15,2020,3,2020-03-15,42.6,26.1,1027.9,10.0,10.6,15,19.0,50.0,30.9,0.0,999.9,0,331
1,16,2020,3,2020-03-16,34.0,21.9,1035.1,10.0,8.4,15,19.0,46.0,27.0,0.0,999.9,0,378
2,17,2020,3,2020-03-17,40.0,34.9,1028.6,7.1,13,18.1,24.1,52.0,30.0,0.05,999.9,1,374
3,18,2020,3,2020-03-18,43.9,34.2,1028.4,10.0,8.3,11.1,999.9,52.0,36.0,0.49,999.9,0,298
4,19,2020,3,2020-03-19,45.0,42.7,1027.8,5.3,13.4,27,38.1,50.0,36.0,0.14,999.9,1,338
5,20,2020,3,2020-03-20,46.2,45.0,1016.7,3.3,9.8,19,22.9,52.0,42.1,0.6,999.9,1,305
6,21,2020,3,2020-03-21,45.9,34.4,1019.7,8.5,14.6,22,26.0,54.0,34.0,0.0,999.9,0,238
7,22,2020,3,2020-03-22,33.7,19.6,1035.3,10.0,11.5,18.1,24.1,37.9,27.0,0.0,999.9,0,139
1,23,2020,3,2020-03-23,36.0,26.9,1034.5,9.4,13.4,26,32.1,44.1,26.1,0.0,999.9,1,225
2,24,2020,3,2020-03-24,43.3,39.7,1014.5,6.6,16,28,39.0,48.0,28.9,0.35,999.9,1,201
3,25,2020,3,2020-03-25,41.0,34.3,1020.2,9.9,9.2,18.1,22.9,48.0,36.0,0.03,999.9,1,168
4,26,2020,3,2020-03-26,41.2,33.6,1013.0,9.7,17.3,22.9,29.9,46.9,36.0,0.11,999.9,1,187
5,27,2020,3,2020-03-27,47.6,36.5,1009.0,9.7,11.3,18.1,999.9,59.0,35.1,0.02,999.9,0,195
6,28,2020,3,2020-03-28,42.3,33.0,1020.4,9.9,5.8,9.9,999.9,59.0,30.0,0.0,999.9,1,183
7,29,2020,3,2020-03-29,44.8,41.2,1019.0,7.8,15.2,22.9,33.0,53.1,30.0,0.34,999.9,1,146
1,30,2020,3,2020-03-30,44.7,42.2,1011.5,5.3,15.2,20,28.0,48.9,39.9,0.05,999.9,1,164
2,31,2020,3,2020-03-31,39.4,32.1,1015.0,9.2,15.5,20,26.0,48.9,34.0,0.01,999.9,1,157
3,1,2020,4,2020-04-01,39.9,30.6,1009.5,10.0,15.5,25.1,34.0,44.1,34.0,0.0,999.9,1,154
4,2,2020,4,2020-04-02,42.0,38.0,998.0,9.4,21.7,25.1,33.0,45.0,37.9,0.15,999.9,1,167
5,3,2020,4,2020-04-03,43.7,41.9,994.9,3.7,25.6,34,42.9,45.0,33.1,0.48,999.9,1,190
6,4,2020,4,2020-04-04,42.3,38.4,1011.2,6.8,21.1,26,35.9,45.0,39.0,0.6,999.9,1,155
7,5,2020,4,2020-04-05,41.8,36.3,1017.5,10.0,6,8.9,999.9,50.0,35.1,0.01,999.9,0,94
1,6,2020,4,2020-04-06,46.7,37.8,1015.0,9.9,7.9,14,19.0,55.0,37.0,0.0,999.9,0,127
2,7,2020,4,2020-04-07,49.0,34.1,1011.6,10.0,10.1,15,999.9,57.9,41.0,0.0,999.9,0,129
3,8,2020,4,2020-04-08,46.5,43.0,1002.5,9.6,6.4,14,999.9,57.9,43.0,0.06,999.9,1,125
4,9,2020,4,2020-04-09,43.0,41.5,994.5,5.7,11.6,28.9,46.0,51.1,30.0,0.27,999.9,1,103
5,10,2020,4,2020-04-10,45.1,30.4,990.0,10.0,19.3,29.9,38.1,51.1,30.0,0.0,999.9,1,115
6,11,2020,4,2020-04-11,44.1,30.8,1005.8,10.0,15.6,21,31.1,51.1,39.9,0.01,999.9,0,121
7,12,2020,4,2020-04-12,45.9,31.8,1021.9,10.0,9,15,999.9,53.1,36.0,0.0,999.9,0,106
1,13,2020,4,2020-04-13,51.6,48.9,1017.6,6.6,19.6,39,53.0,57.0,36.0,0.03,999.9,1,137
2,14,2020,4,2020-04-14,50.5,42.1,1013.3,7.5,11.9,28.9,41.0,57.0,43.0,0.22,999.9,0,135
3,15,2020,4,2020-04-15,44.7,39.1,1012.9,9.6,7.4,14,20.0,48.0,42.8,0.22,999.9,1,139
4,16,2020,4,2020-04-16,43.7,30.9,1015.1,10.0,8.5,17.1,20.0,52.0,32.0,0.01,999.9,0,138
5,17,2020,4,2020-04-17,42.2,20.9,1020.9,10.0,16.3,22.9,28.9,52.0,32.0,0.0,999.9,0,158
6,18,2020,4,2020-04-18,41.0,37.0,1010.2,6.9,15.3,22.9,28.9,46.9,36.0,0.61,999.9,1,125
7,19,2020,4,2020-04-19,44.3,35.7,1010.1,10.0,14.9,24.1,28.9,52.0,37.0,0.05,999.9,0,102
1,20,2020,4,2020-04-20,46.8,39.4,1004.4,9.9,13.3,19,26.0,52.0,37.0,0.0,999.9,1,140
2,21,2020,4,2020-04-21,42.4,33.0,1004.5,9.4,11.8,24.1,49.0,52.0,28.9,0.0,999.9,1,121
3,22,2020,4,2020-04-22,42.0,25.3,1005.6,10.0,17.3,29.9,39.0,51.1,28.9,0.23,999.9,0,148
4,23,2020,4,2020-04-23,42.8,20.9,1015.9,10.0,14.7,19,28.9,48.9,36.0,0.0,999.9,0,108
5,24,2020,4,2020-04-24,46.3,42.8,1008.7,7.7,12.5,22.9,34.0,50.0,36.0,0.54,999.9,1,172
6,25,2020,4,2020-04-25,47.7,36.3,1015.2,10.0,7.8,15,999.9,59.0,39.9,0.48,999.9,0,152
7,26,2020,4,2020-04-26,45.3,40.9,1017.9,7.9,11.3,22,31.1,59.0,39.9,0.0,999.9,1,140
1,27,2020,4,2020-04-27,46.3,34.0,1003.5,1.3,13.1,27,35.9,52.0,39.9,0.43,999.9,1,131
2,28,2020,4,2020-04-28,41.8,28.8,1016.4,8.7,18.8,31.1,38.1,50.0,39.0,0.13,999.9,1,185
3,29,2020,4,2020-04-29,46.9,35.8,1024.6,10.0,8.3,12,999.9,55.0,37.0,0.02,999.9,0,137
4,30,2020,4,2020-04-30,46.8,41.4,1025.9,9.8,17.1,22,27.0,55.0,37.0,0.0,999.9,0,173
5,1,2020,5,2020-05-01,51.3,49.1,1011.6,4.9,15.8,26,35.9,55.9,43.0,0.45,999.9,1,186
6,2,2020,5,2020-05-02,51.4,43.0,1009.9,7.8,13.8,21,31.1,61.0,43.0,0.35,999.9,1,189
7,3,2020,5,2020-05-03,51.3,45.8,1009.7,9.3,10.3,15.9,999.9,61.0,46.9,0.04,999.9,0,167
1,4,2020,5,2020-05-04,56.3,46.2,1002.5,9.1,8.4,15.9,18.1,69.1,46.9,0.0,999.9,1,174
2,5,2020,5,2020-05-05,51.5,36.4,1008.2,10.0,11.6,19,24.1,69.1,46.0,0.03,999.9,1,174
3,6,2020,5,2020-05-06,45.6,37.8,1012.0,10.0,6.8,14,18.1,57.0,37.0,0.0,999.9,1,184
4,7,2020,5,2020-05-07,46.3,40.4,1005.9,9.8,11.7,15.9,20.0,55.0,37.0,0.19,999.9,1,175
5,8,2020,5,2020-05-08,51.0,40.5,1008.4,10.0,11.3,18.1,21.0,55.9,41.0,0.02,999.9,0,177
6,9,2020,5,2020-05-09,46.2,33.2,1002.3,9.4,18.6,28,41.0,55.9,39.9,0.18,999.9,1,147
7,10,2020,5,2020-05-10,46.0,27.0,1014.8,10.0,21.6,26,35.9,54.0,37.9,0.0,999.9,0,163
1,11,2020,5,2020-05-11,50.6,42.9,1013.3,9.8,13.3,25.1,33.0,57.9,37.9,0.0,999.9,1,173
2,12,2020,5,2020-05-12,49.6,39.4,1011.2,10.0,15,22.9,28.9,57.9,44.1,0.04,999.9,0,191
3,13,2020,5,2020-05-13,48.8,26.8,1020.6,10.0,16,24.1,29.9,55.0,42.1,0.0,999.9,0,212
4,14,2020,5,2020-05-14,51.6,37.5,1024.1,10.0,11,15.9,22.9,60.1,39.9,0.0,999.9,0,171
5,15,2020,5,2020-05-15,54.1,50.2,1016.4,8.6,9.5,14,999.9,62.1,39.9,0.16,999.9,1,242
6,16,2020,5,2020-05-16,57.6,50.3,1014.8,8.2,14.1,19,27.0,70.0,50.0,0.15,999.9,1,217
7,17,2020,5,2020-05-17,49.4,42.9,1025.8,10.0,7,11.1,999.9,54.0,41.0,0.0,999.9,0,171
1,18,2020,5,2020-05-18,52.5,45.9,1022.7,10.0,5.7,9.9,999.9,61.0,41.0,0.0,999.9,0,185
2,19,2020,5,2020-05-19,51.7,41.2,1023.5,10.0,15.5,24.1,34.0,61.0,48.0,0.0,999.9,0,229
3,20,2020,5,2020-05-20,49.9,36.8,1030.4,10.0,10.8,15.9,22.9,57.0,43.0,0.0,999.9,0,192
4,21,2020,5,2020-05-21,48.3,42.3,1029.6,9.6,6.3,13,999.9,57.0,36.0,0.0,999.9,0,212
5,22,2020,5,2020-05-22,57.0,52.1,1022.0,10.0,12,15.9,999.9,64.0,51.1,0.0,999.9,0,264
6,23,2020,5,2020-05-23,56.4,55.0,1017.0,4.1,9.7,21,28.0,66.2,48.0,0.0,999.9,1,193
7,24,2020,5,2020-05-24,51.7,45.8,1023.6,9.7,14.1,18.1,28.0,66.0,48.0,2.37,999.9,1,197
1,25,2020,5,2020-05-25,56.0,52.4,1023.7,8.6,9.9,14,20.0,66.0,48.9,0.0,999.9,0,214
2,26,2020,5,2020-05-26,58.2,56.0,1022.9,5.8,4.6,8,999.9,69.1,50.0,0.0,999.9,1,224
3,27,2020,5,2020-05-27,57.4,56.2,1024.4,2.0,5.6,8.9,999.9,69.1,53.1,0.0,999.9,1,239
4,28,2020,5,2020-05-28,60.2,57.5,1024.0,6.6,8.4,13,999.9,66.9,53.1,0.01,999.9,1,209
5,29,2020,5,2020-05-29,61.0,59.8,1019.7,3.6,12.9,15.9,22.9,66.9,57.0,0.14,999.9,1,258
6,30,2020,5,2020-05-30,60.4,59.1,1012.8,3.5,12.9,17.1,25.1,64.0,57.9,0.04,999.9,1,226
7,31,2020,5,2020-05-31,61.5,48.6,1013.1,9.8,11.7,21,25.1,66.9,55.0,0.03,999.9,0,208
1,1,2020,6,2020-06-01,55.4,38.1,1019.9,10.0,11.1,19,25.1,66.9,48.9,0.0,999.9,0,196
2,2,2020,6,2020-06-02,57.1,46.6,1016.0,10.0,7.6,11.1,999.9,62.1,48.9,0.0,999.9,0,197
3,3,2020,6,2020-06-03,59.2,56.3,1005.6,9.2,9.8,15,999.9,66.9,53.1,0.05,999.9,1,216
4,4,2020,6,2020-06-04,64.4,60.4,1009.3,9.0,8.9,13,999.9,73.9,55.9,0.03,999.9,0,245
5,5,2020,6,2020-06-05,60.4,58.9,1013.8,3.9,7.4,11.1,999.9,73.9,59.0,0.0,999.9,1,248
6,6,2020,6,2020-06-06,61.2,59.5,1010.2,1.6,9.3,13,999.9,64.9,59.0,0.45,999.9,1,262
7,7,2020,6,2020-06-07,62.2,56.2,1007.9,8.8,12.3,18.1,22.9,66.0,57.9,0.01,999.9,1,206
1,8,2020,6,2020-06-08,62.6,51.1,1013.8,10.0,7.3,11.1,15.0,73.0,55.9,0.0,999.9,1,235
2,9,2020,6,2020-06-09,61.9,55.5,1013.6,10.0,6.5,8.9,999.9,73.0,55.0,0.0,999.9,0,251
3,10,2020,6,2020-06-10,60.3,56.9,1016.5,7.0,7.5,12,999.9,72.0,55.9,0.0,999.9,1,238
4,11,2020,6,2020-06-11,63.6,60.1,1019.7,6.6,12.7,19,24.1,70.0,57.9,0.0,999.9,1,250
5,12,2020,6,2020-06-12,63.1,61.3,1018.6,3.2,7.9,13,999.9,70.0,59.0,0.04,999.9,1,277
6,13,2020,6,2020-06-13,62.5,53.1,1019.9,7.3,8.5,14,999.9,70.0,53.1,0.04,999.9,1,282
7,14,2020,6,2020-06-14,60.9,51.4,1025.9,10.0,13.3,20,24.1,70.0,53.1,0.0,999.9,0,228
1,15,2020,6,2020-06-15,58.3,53.4,1028.5,8.1,15.4,19,25.1,63.0,55.4,0.0,999.9,0,223
2,16,2020,6,2020-06-16,59.9,51.5,1028.0,10.0,11.2,18.1,22.0,69.1,51.1,0.0,999.9,0,259
3,17,2020,6,2020-06-17,61.2,53.9,1025.2,10.0,8.3,12,999.9,71.1,52.0,0.0,999.9,0,244
4,18,2020,6,2020-06-18,59.8,59.4,1023.3,3.7,4.8,8.9,999.9,71.1,53.1,0.0,999.9,1,226
5,19,2020,6,2020-06-19,63.9,61.5,1020.5,3.5,7.7,12,999.9,73.0,54.0,0.0,999.9,1,306
6,20,2020,6,2020-06-20,64.8,61.5,1018.1,6.6,9.1,15,999.9,73.9,60.1,0.0,999.9,1,244
7,21,2020,6,2020-06-21,65.2,62.5,1016.7,5.8,6.3,8.9,999.9,75.9,60.1,0.0,999.9,1,244
1,22,2020,6,2020-06-22,68.6,63.4,1014.7,9.7,3.9,8,999.9,75.9,62.1,0.0,999.9,0,295
2,23,2020,6,2020-06-23,63.5,61.3,1011.9,2.3,5,11.1,999.9,75.9,59.0,0.0,999.9,1,291
3,24,2020,6,2020-06-24,66.4,64.3,1007.8,1.5,9.8,13,999.9,71.1,59.0,0.0,999.9,1,300
4,25,2020,6,2020-06-25,67.8,62.5,1013.3,9.1,7.5,13,999.9,77.0,61.0,0.0,999.9,0,250
5,26,2020,6,2020-06-26,66.7,61.7,1014.8,9.6,7.8,12,999.9,77.0,61.0,0.0,999.9,0,337
6,27,2020,6,2020-06-27,66.6,63.7,1011.2,6.8,7.2,13,999.9,73.0,62.1,0.0,999.9,1,272
7,28,2020,6,2020-06-28,68.0,65.1,1007.5,6.9,8,15,20.0,73.0,62.1,0.41,999.9,1,240
1,29,2020,6,2020-06-29,67.1,64.7,1008.0,5.5,5.5,14,999.9,73.9,64.9,0.39,999.9,1,301
2,30,2020,6,2020-06-30,66.3,62.4,1011.4,7.9,5.6,11.1,999.9,73.9,62.1,0.13,999.9,0,278
3,1,2020,7,2020-07-01,64.4,61.5,1011.7,6.0,4.7,9.9,999.9,73.0,60.1,0.0,999.9,1,259
4,2,2020,7,2020-07-02,68.2,64.4,1009.2,7.8,7.7,13,999.9,75.0,60.1,0.0,999.9,1,340
5,3,2020,7,2020-07-03,69.5,66.2,1008.6,7.0,9.8,18.1,22.9,77.0,64.0,0.0,999.9,1,302
6,4,2020,7,2020-07-04,66.1,63.5,1012.1,5.1,8.9,13,999.9,77.0,60.1,0.0,999.9,1,278
7,5,2020,7,2020-07-05,63.1,61.0,1015.0,4.4,5,11.1,999.9,73.0,60.1,0.0,999.9,1,290
1,6,2020,7,2020-07-06,67.9,64.1,1016.9,6.4,9.1,19,22.9,75.0,60.1,0.0,999.9,1,257
2,7,2020,7,2020-07-07,60.1,56.3,1021.9,8.9,7.9,12,999.9,75.0,55.9,0.0,999.9,0,243
3,8,2020,7,2020-07-08,68.1,63.9,1018.2,9.9,9.8,13,999.9,73.9,55.9,0.0,999.9,0,267
4,9,2020,7,2020-07-09,70.9,67.4,1016.6,8.2,7.7,11.1,999.9,78.1,64.9,0.0,999.9,0,313
5,10,2020,7,2020-07-10,69.8,67.9,1016.5,3.8,8.2,15,22.0,78.1,66.0,0.0,999.9,1,296
6,11,2020,7,2020-07-11,70.3,68.1,1009.8,3.4,11.2,17.1,22.0,75.9,66.0,0.0,999.9,1,274
7,12,2020,7,2020-07-12,71.8,67.5,1006.4,7.0,11.6,15.9,21.0,77.0,66.9,0.0,999.9,1,292
1,13,2020,7,2020-07-13,70.3,67.5,1008.7,4.9,8,11.1,999.9,77.0,68.0,0.0,999.9,1,290
2,14,2020,7,2020-07-14,72.0,68.0,1011.3,6.2,7.9,15,999.9,79.0,66.9,0.0,999.9,1,320
3,15,2020,7,2020-07-15,66.5,60.0,1020.9,9.8,13.9,19,25.1,79.0,62.1,0.0,999.9,0,268
4,16,2020,7,2020-07-16,63.6,55.6,1026.1,10.0,8.1,14,22.0,70.0,57.0,0.0,999.9,0,322
5,17,2020,7,2020-07-17,62.6,59.0,1023.0,9.9,7.5,12,999.9,71.1,55.0,0.0,999.9,1,308
6,18,2020,7,2020-07-18,70.2,67.9,1017.6,3.2,6.2,9.9,999.9,75.9,55.0,0.0,999.9,1,316
7,19,2020,7,2020-07-19,69.1,67.5,1015.1,0.8,8.4,12,999.9,72.0,66.2,0.0,999.9,1,313
1,20,2020,7,2020-07-20,71.0,69.4,1011.6,2.1,9.5,13,999.9,75.9,66.9,99.99,999.9,1,281
2,21,2020,7,2020-07-21,77.6,66.1,1014.3,8.3,8.6,11.1,17.1,88.0,69.1,0.0,999.9,1,331
3,22,2020,7,2020-07-22,72.7,68.1,1017.6,7.8,4.6,11.1,999.9,88.0,64.9,0.0,999.9,1,290
4,23,2020,7,2020-07-23,74.1,70.9,1016.5,5.7,9.4,14,999.9,82.0,64.9,0.0,999.9,1,332
5,24,2020,7,2020-07-24,73.7,69.7,1017.4,7.8,6.3,11.1,15.9,81.0,68.0,99.99,999.9,1,312
6,25,2020,7,2020-07-25,69.6,66.7,1018.0,5.5,3.9,11.1,999.9,80.1,60.1,0.0,999.9,1,291
7,26,2020,7,2020-07-26,75.1,71.3,1015.3,8.0,12.3,17.1,22.9,82.0,60.1,0.0,999.9,0,313
1,27,2020,7,2020-07-27,77.0,69.7,1009.2,7.6,12.3,15.9,20.0,84.9,71.1,0.0,999.9,1,320
2,28,2020,7,2020-07-28,76.5,72.1,1008.0,6.6,10.9,14,999.9,84.9,72.0,0.0,999.9,0,298
3,29,2020,7,2020-07-29,75.3,67.6,1012.7,7.5,6.3,11.1,999.9,82.9,72.0,99.99,999.9,1,318
4,30,2020,7,2020-07-30,74.4,72.0,1011.7,3.7,7.1,13,999.9,82.9,70.0,0.0,999.9,1,300
5,31,2020,7,2020-07-31,73.7,70.8,1009.8,6.3,5.1,12,999.9,80.1,71.1,99.99,999.9,1,343
6,1,2020,8,2020-08-01,72.6,66.2,1012.6,8.5,5.1,11.1,999.9,82.9,62.1,0.0,999.9,1,375
7,2,2020,8,2020-08-02,71.9,66.9,1016.4,8.9,8.4,15,999.9,82.9,62.1,0.0,999.9,1,285
1,3,2020,8,2020-08-03,76.1,72.5,1015.8,5.1,12.3,15,19.0,82.0,64.9,0.0,999.9,1,353
2,4,2020,8,2020-08-04,74.8,72.4,1016.2,3.4,11.4,24.1,33.0,82.0,72.0,99.99,999.9,1,451
3,5,2020,8,2020-08-05,74.8,70.5,1015.9,8.9,11.5,17.1,22.0,81.0,71.1,99.99,999.9,1,345
4,6,2020,8,2020-08-06,74.1,61.4,1019.4,6.4,6.7,11.1,999.9,84.9,66.0,0.0,999.9,1,356
5,7,2020,8,2020-08-07,69.0,65.6,1020.6,6.5,5.2,12,17.1,84.9,63.0,0.0,999.9,1,337
6,8,2020,8,2020-08-08,69.7,66.4,1020.6,5.1,6.1,8.9,999.9,75.9,63.0,0.0,999.9,1,260
7,9,2020,8,2020-08-09,71.5,66.9,1019.9,9.3,7,12,999.9,78.1,64.9,0.0,999.9,0,283
1,10,2020,8,2020-08-10,74.3,70.7,1017.3,9.8,9.6,15,999.9,80.1,64.9,0.0,999.9,0,320
2,11,2020,8,2020-08-11,75.4,71.9,1016.1,7.8,9.1,12,999.9,81.0,70.0,0.0,999.9,0,317
3,12,2020,8,2020-08-12,75.3,72.7,1016.6,5.9,9.1,13,999.9,81.0,71.1,0.0,999.9,1,292
4,13,2020,8,2020-08-13,77.0,72.0,1018.3,4.1,6.8,13,999.9,86.0,71.1,0.0,999.9,1,274
5,14,2020,8,2020-08-14,74.6,64.8,1016.8,9.7,6.1,15,999.9,86.0,69.1,0.0,999.9,0,344
6,15,2020,8,2020-08-15,70.4,66.5,1015.3,7.3,13.9,21,25.1,84.9,66.9,0.0,999.9,1,313
7,16,2020,8,2020-08-16,66.6,63.7,1015.6,7.6,12.5,19,27.0,75.9,64.0,0.01,999.9,1,279
1,17,2020,8,2020-08-17,66.0,61.1,1010.3,7.5,16.8,26,35.9,71.1,62.1,0.82,999.9,1,288
2,18,2020,8,2020-08-18,68.3,62.8,1010.9,9.6,8.5,15.9,22.0,75.9,57.9,0.42,999.9,1,311
3,19,2020,8,2020-08-19,70.4,62.6,1012.9,8.8,5.8,11.1,19.0,78.1,62.6,0.0,999.9,1,286
4,20,2020,8,2020-08-20,68.4,59.9,1016.1,10.0,6.2,9.9,999.9,81.0,61.0,0.0,999.9,0,306
5,21,2020,8,2020-08-21,69.1,63.5,1015.1,10.0,8.7,15,999.9,77.0,61.0,0.0,999.9,0,348
6,22,2020,8,2020-08-22,72.3,67.6,1013.3,9.7,8.3,12,999.9,81.0,61.0,0.0,999.9,0,328
7,23,2020,8,2020-08-23,72.3,68.9,1017.0,8.1,7,11.1,999.9,81.0,66.0,0.0,999.9,1,316
1,24,2020,8,2020-08-24,71.7,70.0,1016.1,2.3,5.9,8.9,999.9,80.1,66.0,0.0,999.9,1,320
2,25,2020,8,2020-08-25,74.2,70.5,1007.6,5.9,10.1,17.1,22.0,81.0,68.0,0.0,999.9,1,286
3,26,2020,8,2020-08-26,70.2,52.8,1009.4,10.0,14.2,20,28.0,81.0,64.9,0.0,999.9,0,310
4,27,2020,8,2020-08-27,66.9,53.6,1008.8,9.9,6.4,11.1,999.9,73.0,63.0,0.0,999.9,1,343
5,28,2020,8,2020-08-28,70.6,65.3,1008.2,9.9,6.9,12,999.9,78.1,63.0,0.05,999.9,0,306
6,29,2020,8,2020-08-29,70.8,68.6,1006.3,5.4,9.8,15.9,24.1,78.1,66.9,0.0,999.9,1,291
7,30,2020,8,2020-08-30,72.0,61.6,1002.8,9.0,13.1,21,29.9,75.9,66.9,0.33,999.9,0,303
1,31,2020,8,2020-08-31,67.0,52.0,1017.3,10.0,7.4,14,18.1,75.9,60.1,0.0,999.9,0,294
2,1,2020,9,2020-09-01,65.7,57.5,1022.2,10.0,9.9,15.9,21.0,73.0,60.1,0.0,999.9,0,337
3,2,2020,9,2020-09-02,66.5,61.9,1018.3,8.4,10.7,14,18.1,73.0,61.0,0.0,999.9,1,309
4,3,2020,9,2020-09-03,70.5,69.3,1009.3,2.1,7.6,12,999.9,73.0,64.9,0.43,999.9,1,363
5,4,2020,9,2020-09-04,72.8,68.3,1009.8,8.3,7.4,12,999.9,81.0,66.9,0.31,999.9,1,383
6,5,2020,9,2020-09-05,70.7,53.2,1018.9,10.0,9.4,14,999.9,81.0,64.0,0.01,999.9,0,362
7,6,2020,9,2020-09-06,67.3,60.5,1022.3,10.0,6.9,12,999.9,75.9,59.0,0.0,999.9,0,293
1,7,2020,9,2020-09-07,67.1,58.6,1021.3,10.0,8.2,14,999.9,75.0,59.0,0.0,999.9,0,295
2,8,2020,9,2020-09-08,65.9,63.7,1020.7,5.2,4.2,8,999.9,77.0,57.2,0.0,999.9,1,336
3,9,2020,9,2020-09-09,69.3,67.3,1025.0,4.3,4.2,8,999.9,77.0,57.9,0.0,999.9,1,292
4,10,2020,9,2020-09-10,70.8,69.5,1025.1,0.8,4.4,7,999.9,77.0,66.9,0.0,999.9,1,347
5,11,2020,9,2020-09-11,69.1,62.7,1020.9,7.1,13.2,22,28.0,75.0,60.1,0.3,999.9,1,351
6,12,2020,9,2020-09-12,62.4,49.7,1025.7,10.0,12.4,19,24.1,73.0,59.0,0.07,999.9,0,304
7,13,2020,9,2020-09-13,64.2,57.9,1022.2,10.0,8.6,15,999.9,72.0,59.0,0.0,999.9,0,245
1,14,2020,9,2020-09-14,69.5,61.2,1016.6,9.5,9.9,20,24.1,75.0,59.0,0.0,999.9,0,289
2,15,2020,9,2020-09-15,61.5,45.7,1023.7,10.0,13.4,20,28.0,75.0,50.0,0.0,999.9,0,301
3,16,2020,9,2020-09-16,58.8,51.3,1024.7,10.0,6.5,13,999.9,69.1,46.0,0.0,999.9,0,307
4,17,2020,9,2020-09-17,68.5,63.7,1018.3,10.0,7.5,9.9,999.9,73.0,64.9,0.0,999.9,1,322
5,18,2020,9,2020-09-18,63.6,59.9,1013.6,8.8,11.2,22.9,31.1,73.0,59.0,0.28,999.9,1,341
6,19,2020,9,2020-09-19,58.8,41.4,1021.5,10.0,16.9,21,27.0,66.9,50.0,0.03,999.9,0,330
7,20,2020,9,2020-09-20,55.2,38.9,1029.8,10.0,13.8,20,28.9,63.0,46.9,0.0,999.9,1,275
1,21,2020,9,2020-09-21,56.8,37.0,1032.3,10.0,16,22.9,29.9,63.0,48.9,0.0,999.9,0,310
2,22,2020,9,2020-09-22,58.8,40.4,1016.3,10.0,19.2,28,36.9,64.9,53.1,0.0,999.9,0,307
3,23,2020,9,2020-09-23,64.1,48.2,1006.9,10.0,14.5,18.1,26.0,71.1,54.0,0.0,999.9,0,356
4,24,2020,9,2020-09-24,66.2,56.9,1013.2,10.0,8.2,12,999.9,75.9,55.0,0.0,999.9,0,297
5,25,2020,9,2020-09-25,64.6,61.0,1018.5,7.0,7.2,9.9,999.9,75.9,55.0,0.0,999.9,1,348
6,26,2020,9,2020-09-26,63.6,60.9,1020.5,4.5,4.9,8.9,999.9,73.0,59.0,0.0,999.9,1,330
7,27,2020,9,2020-09-27,66.7,63.0,1017.6,9.2,7.2,11.1,999.9,73.0,61.0,0.0,999.9,1,315
1,28,2020,9,2020-09-28,68.1,66.3,1016.0,6.3,9.5,13,999.9,73.0,62.1,0.18,999.9,1,300
2,29,2020,9,2020-09-29,67.5,65.8,9999.9,6.1,5.5,8,999.9,68.0,66.0,0.0,999.9,1,317
3,30,2020,9,2020-09-30,67.6,64.2,1006.2,7.7,20.1,27,35.9,70.0,64.0,0.06,999.9,1,347
4,1,2020,10,2020-10-01,66.4,62.2,1013.7,9.7,9.8,17.1,999.9,70.0,61.0,0.02,999.9,0,332
5,2,2020,10,2020-10-02,64.8,59.0,1013.1,8.7,8.5,18.1,24.1,70.0,59.0,0.0,999.9,1,350
6,3,2020,10,2020-10-03,61.4,47.8,1021.2,10.0,4.9,8,999.9,68.0,50.0,0.0,999.9,0,323
7,4,2020,10,2020-10-04,61.0,51.5,1024.2,10.0,7,11.1,999.9,66.0,52.0,0.0,999.9,0,269
1,5,2020,10,2020-10-05,56.9,54.6,1019.7,9.2,8.1,14,20.0,59.0,52.0,0.17,999.9,1,302
2,6,2020,10,2020-10-06,59.2,53.1,1020.5,9.9,6.8,12,999.9,64.0,48.0,0.05,999.9,1,325
3,7,2020,10,2020-10-07,65.7,60.4,1007.0,9.6,16.4,27,52.1,70.0,61.0,0.07,999.9,1,308
4,8,2020,10,2020-10-08,59.5,41.1,1008.9,10.0,14.6,22,36.9,64.0,57.0,0.25,999.9,1,332
5,9,2020,10,2020-10-09,52.5,34.2,1022.0,10.0,11.2,17.1,24.1,55.0,50.0,0.0,999.9,0,330
6,10,2020,10,2020-10-10,65.2,56.4,1016.3,9.9,17.6,21,29.9,70.0,55.0,0.0,999.9,0,277
7,11,2020,10,2020-10-11,60.9,51.3,1020.4,10.0,14.3,19,27.0,64.0,54.0,0.0,999.9,0,248
1,12,2020,10,2020-10-12,55.3,47.3,1024.1,10.0,13,17.1,22.0,57.2,52.0,0.0,999.9,1,323
2,13,2020,10,2020-10-13,61.8,60.1,1012.5,3.3,15.7,19,28.0,64.4,57.0,0.05,999.9,1,323
3,14,2020,10,2020-10-14,60.7,50.6,1012.4,10.0,12.1,15.9,21.0,66.0,53.6,0.06,999.9,1,333
4,15,2020,10,2020-10-15,63.5,58.3,1019.0,10.0,10.4,14,999.9,66.0,57.0,0.0,999.9,1,311
5,16,2020,10,2020-10-16,65.4,60.7,1018.5,10.0,12.6,14,999.9,70.0,59.0,0.0,999.9,0,304
6,17,2020,10,2020-10-17,54.3,44.2,1022.8,9.5,15.9,29.9,41.0,63.0,50.0,1.47,999.9,1,335
7,18,2020,10,2020-10-18,54.7,40.0,1032.3,10.0,8.4,12,19.0,61.0,46.0,0.0,999.9,0,305
1,19,2020,10,2020-10-19,55.6,48.9,1028.1,10.0,5,8,999.9,63.0,48.0,0.0,999.9,0,276
2,20,2020,10,2020-10-20,59.7,57.6,1025.5,8.0,7.2,9.9,999.9,64.0,54.0,0.0,999.9,1,336
3,21,2020,10,2020-10-21,64.9,63.1,1025.0,4.7,5.2,8,999.9,68.0,63.0,0.03,999.9,1,338
4,22,2020,10,2020-10-22,65.0,60.6,1024.0,5.3,5,11.1,999.9,72.0,57.0,0.0,999.9,1,264
5,23,2020,10,2020-10-23,62.0,53.9,1022.7,9.5,7.4,11.1,15.0,68.0,57.0,0.0,999.9,1,337
6,24,2020,10,2020-10-24,60.9,54.9,1012.7,10.0,6,12,999.9,64.0,57.0,0.0,999.9,0,301
7,25,2020,10,2020-10-25,52.1,39.7,1023.9,10.0,12.6,21,26.0,55.0,48.0,0.0,999.9,0,281
1,26,2020,10,2020-10-26,56.1,50.2,1021.6,9.9,11.2,15,20.0,59.0,51.8,0.01,999.9,1,314
2,27,2020,10,2020-10-27,56.7,51.7,1019.5,8.2,9.4,17.1,21.0,61.0,52.0,0.01,999.9,1,262
3,28,2020,10,2020-10-28,53.6,50.4,1017.4,8.0,9.9,17.1,19.0,61.0,50.0,0.05,999.9,1,309
4,29,2020,10,2020-10-29,50.8,47.1,1011.5,6.8,6.8,17.1,25.1,57.2,48.0,0.78,999.9,1,334
5,30,2020,10,2020-10-30,44.3,42.0,1008.8,6.0,21.8,28.9,35.9,50.0,41.0,1.16,999.9,1,394
6,31,2020,10,2020-10-31,44.9,27.5,1032.2,10.0,6.7,17.1,25.1,48.0,39.0,0.0,999.9,0,334
7,1,2020,11,2020-11-01,57.2,54.2,1016.7,8.4,10.9,17.1,22.9,61.0,54.0,0.0,999.9,1,308
1,2,2020,11,2020-11-02,42.1,25.5,1002.5,10.0,20.4,22.9,35.9,46.0,37.0,0.44,999.9,1,327
2,3,2020,11,2020-11-03,44.0,25.1,1013.0,10.0,17.2,24.1,39.0,48.0,37.0,0.0,999.9,1,285
3,4,2020,11,2020-11-04,46.4,32.9,1031.6,10.0,7.9,13,999.9,55.0,37.0,0.0,999.9,0,302
4,5,2020,11,2020-11-05,59.0,54.7,1031.2,9.8,10.3,13,999.9,64.9,54.0,0.0,999.9,0,357
5,6,2020,11,2020-11-06,59.5,57.3,1025.9,7.6,9.7,15,999.9,64.9,55.9,0.02,999.9,1,365
6,7,2020,11,2020-11-07,60.4,55.5,1022.9,8.3,11.2,17.1,22.0,68.0,55.9,0.0,999.9,1,329
7,8,2020,11,2020-11-08,58.8,51.0,1025.7,8.5,4.7,9.9,999.9,71.1,48.9,0.0,999.9,0,326
1,9,2020,11,2020-11-09,54.8,51.0,1026.6,6.6,5.2,8.9,999.9,71.1,46.0,0.0,999.9,1,318
2,10,2020,11,2020-11-10,57.2,54.5,1022.8,5.7,8.2,13,999.9,68.0,46.9,0.0,999.9,1,343
3,11,2020,11,2020-11-11,61.4,58.9,1020.2,9.0,10.4,12,999.9,66.0,51.1,0.0,999.9,0,300
4,12,2020,11,2020-11-12,60.7,59.0,1013.7,3.7,11.3,22.9,31.1,64.9,51.8,0.84,999.9,1,327
5,13,2020,11,2020-11-13,53.5,49.8,1016.8,6.9,9.3,15,22.0,64.9,52.0,1.28,999.9,1,391
6,14,2020,11,2020-11-14,50.5,39.3,1016.3,10.0,11.3,20,26.0,55.0,46.9,0.02,999.9,0,298
7,15,2020,11,2020-11-15,46.4,33.9,1022.8,10.0,9.6,17.1,20.0,55.0,32.0,0.0,999.9,0,251
1,16,2020,11,2020-11-16,54.9,41.5,1010.3,9.4,16.9,25.1,36.9,61.0,50.0,0.24,999.9,1,305
2,17,2020,11,2020-11-17,47.4,29.0,1012.7,10.0,8.9,15,19.0,62.1,41.0,0.0,999.9,0,260
3,18,2020,11,2020-11-18,38.1,21.8,1022.4,10.0,15.4,21,28.0,54.0,33.1,0.0,999.9,0,295
4,19,2020,11,2020-11-19,37.2,24.1,1034.1,10.0,11.3,22.9,31.1,51.1,23.0,0.0,999.9,0,279
5,20,2020,11,2020-11-20,56.9,47.9,1027.4,9.0,19.8,26,32.1,62.1,52.0,0.0,999.9,0,358
6,21,2020,11,2020-11-21,57.7,48.4,1024.7,9.3,10.3,18.1,999.9,64.9,51.1,0.0,999.9,0,314
7,22,2020,11,2020-11-22,50.9,40.7,1030.6,10.0,12.5,15.9,21.0,64.9,48.0,0.0,999.9,0,222
1,23,2020,11,2020-11-23,53.9,50.1,1016.2,7.6,15.1,22,31.1,61.0,46.0,0.0,999.9,1,298
2,24,2020,11,2020-11-24,42.2,26.6,1020.6,10.0,15.5,22,33.0,61.0,39.0,0.37,999.9,0,324
3,25,2020,11,2020-11-25,45.1,35.1,1029.5,10.0,9.7,18.1,999.9,55.9,30.0,0.0,999.9,0,276
4,26,2020,11,2020-11-26,55.7,53.3,1020.9,7.0,10.2,15.9,999.9,57.9,52.0,0.0,999.9,1,203
5,27,2020,11,2020-11-27,54.0,50.8,1016.0,5.4,4.4,12,999.9,62.1,43.0,0.48,999.9,1,279
6,28,2020,11,2020-11-28,50.6,44.4,1013.2,8.7,4.3,8.9,999.9,62.1,43.0,0.0,999.9,1,239
7,29,2020,11,2020-11-29,47.4,35.5,1018.8,10.0,8.5,14,999.9,55.0,37.9,0.0,999.9,0,248
1,30,2020,11,2020-11-30,52.7,49.4,1016.9,8.3,13.2,25.1,33.0,57.9,37.9,0.0,999.9,1,301
2,1,2020,12,2020-12-01,58.1,54.3,1003.1,4.3,18.1,34,47.0,63.0,45.0,0.88,999.9,1,268
3,2,2020,12,2020-12-02,47.5,35.9,1011.3,9.8,17.9,22.9,32.1,63.0,42.1,0.59,999.9,1,235
4,3,2020,12,2020-12-03,45.1,32.4,1019.5,10.0,12.6,18.1,24.1,52.0,36.0,0.02,999.9,0,252
5,4,2020,12,2020-12-04,53.6,43.8,1019.2,10.0,13.1,18.1,25.1,59.0,36.0,0.0,999.9,1,372
6,5,2020,12,2020-12-05,51.5,48.4,1007.3,6.3,11.1,32.1,46.0,59.0,39.9,0.32,999.9,1,278
7,6,2020,12,2020-12-06,39.3,28.0,1000.7,9.8,18.1,27,38.1,41.0,36.0,1.47,999.9,1,241
1,7,2020,12,2020-12-07,35.1,23.5,1006.5,10.0,9.3,17.1,22.0,42.1,30.0,0.0,999.9,0,281
2,8,2020,12,2020-12-08,36.4,28.9,1003.6,10.0,14.1,22.9,31.1,39.2,33.1,0.0,999.9,1,282
3,9,2020,12,2020-12-09,35.4,26.2,1007.9,9.6,9.2,13,25.1,44.1,30.0,0.01,999.9,1,280
4,10,2020,12,2020-12-10,40.8,31.9,1012.6,10.0,10,17.1,22.9,48.0,30.0,0.12,999.9,1,311
5,11,2020,12,2020-12-11,41.5,35.7,1022.4,10.0,5.8,12,999.9,54.0,27.0,0.0,999.9,0,347
6,12,2020,12,2020-12-12,52.1,50.0,1021.2,8.6,7,14,999.9,57.9,48.0,0.0,999.9,1,285
7,13,2020,12,2020-12-13,53.4,51.3,1014.0,6.3,9.7,19,25.1,59.0,46.9,0.06,999.9,1,265
1,14,2020,12,2020-12-14,44.0,39.4,1013.2,8.9,6.3,12,999.9,57.0,39.9,0.0,999.9,1,250
2,15,2020,12,2020-12-15,37.7,20.0,1017.8,10.0,14.8,20,29.9,46.0,35.1,0.44,999.9,0,315
3,16,2020,12,2020-12-16,31.8,16.3,1028.9,10.0,11.5,15,21.0,39.9,26.1,0.0,999.9,0,341
4,17,2020,12,2020-12-17,38.9,36.3,1010.4,4.0,22,34,45.1,46.9,26.1,0.2,999.9,1,232
5,18,2020,12,2020-12-18,36.1,30.3,1019.0,9.6,17.1,25.1,34.0,46.9,33.1,0.54,999.9,1,278
6,19,2020,12,2020-12-19,35.6,27.6,1026.3,9.7,8.6,15,24.1,39.9,34.0,0.01,999.9,1,251
7,20,2020,12,2020-12-20,38.5,33.2,1023.1,10.0,3.8,9.9,999.9,48.9,25.0,0.0,999.9,1,194
1,21,2020,12,2020-12-21,42.3,39.9,1010.9,8.2,7.9,13,999.9,48.9,26.1,0.28,999.9,1,268
2,22,2020,12,2020-12-22,40.8,33.2,1005.4,9.3,8.6,20,27.0,46.0,34.0,0.02,999.9,0,320
3,23,2020,12,2020-12-23,38.5,24.1,1023.4,10.0,9.7,22,29.9,46.0,30.9,0.0,999.9,0,360
4,24,2020,12,2020-12-24,47.6,41.6,1027.2,9.3,13.6,19,24.1,53.1,37.9,0.0,999.9,1,315
5,25,2020,12,2020-12-25,53.9,51.3,1012.3,4.3,19.4,28,38.1,59.0,43.0,0.0,999.9,1,168
6,26,2020,12,2020-12-26,40.1,29.4,1008.2,8.8,19.7,27,35.9,59.0,34.0,1.18,999.9,1,226
7,27,2020,12,2020-12-27,34.2,21.2,1021.2,10.0,7.7,15,22.0,44.1,28.9,0.0,999.9,0,184
1,28,2020,12,2020-12-28,43.0,36.2,1024.8,10.0,9.5,14,999.9,52.0,26.1,0.0,999.9,0,217
2,29,2020,12,2020-12-29,41.3,26.2,1022.0,9.7,13,19,28.0,52.0,32.0,0.0,999.9,0,244
3,30,2020,12,2020-12-30,34.1,17.0,1029.9,10.0,11,19,24.1,48.0,25.0,0.0,999.9,0,238
4,31,2020,12,2020-12-31,48.8,43.9,1018.7,8.4,14.6,24.1,29.9,53.6,43.0,0.03,999.9,1,278